15.58863163
17.04214287
20.09619522
18.92727089
5.31184864
17.19037819
2.62509966
15.30487251
6.74568367
20.19784164
22.02216339
24.27365875
17.45221329
15.15871716
24.69999886
17.97038460
18.44789505
17.17059135
17.29303360
20.43655205
18.73871994
19.43409348
20.76029778
14.42874146
15.70134068
22.38892746
18.54329491
14.76451874
15.56165409
3.66117263
18.26283264
2.17296076
19.62404823
16.14290810
17.00547791
16.47044945
20.03321266
21.59624863
18.55671310
23.31750488
16.74040413
20.04061508
20.42255974
14.84197330
21.61123848
21.57760048
16.90486717
19.09111595
19.51767731
15.82172680
