7.31969166
-2.46576357
12.40287590
7.70043373
-3.16292405
-15.65845871
-0.09923829
6.04842901
-0.78788477
-2.79413128
-18.75009537
-16.70410919
-14.60826778
-11.72605896
0.17451195
-5.03669977
-7.83189631
-14.47390175
-10.80773830
-22.99598122
-0.18376429
-12.14404774
-19.97772789
-1.25128257
-4.70358372
-5.68878078
-14.57462215
-0.38784790
0.57512850
-1.26950312
-5.68095732
0.81669325
-16.26472282
0.05455206
-8.34058952
-0.63665360
-20.01010132
-45.44118881
-5.92809677
-14.52709293
-12.94756222
-11.19449425
3.00956225
-3.07950974
-13.05492783
-3.70710015
-7.54053688
-11.20512199
-4.02676868
-10.54365349
