-0.55454493
-0.45427829
-1.19575977
-0.25138453
-0.05026837
-0.65932614
-0.07259439
-0.59665686
-0.11714415
-1.07699192
-0.86265010
-0.09714656
-0.66417360
-0.63562727
-0.47991368
-0.86873353
-0.66122198
-0.50688601
-0.63746834
-0.72944152
-0.90009314
0.38121536
-0.66630596
-0.68229640
-0.21346027
-0.65399760
-0.76484728
-0.95040363
-1.05536795
-0.06420787
-1.08158386
-0.08564883
-0.53953606
-0.48876232
-0.77793878
-0.27999797
-0.51135212
-0.53418362
-0.84780884
-0.76124156
-0.86773396
-0.20079772
-0.72323716
-0.98808044
-0.86311090
-0.76157689
-0.98263544
-0.73050749
-0.12748633
-0.57093996
