18.58091545
18.89593887
24.96500587
17.55485153
17.72257042
24.12296677
21.47939301
5.56594419
13.93524933
23.44007492
23.11911201
23.57562256
25.43259811
18.88202286
18.86858177
21.39850616
7.34897375
23.23506546
20.92699051
20.36560249
15.72096348
21.56505585
13.06457520
16.08150673
12.53989220
25.33610535
18.87923431
24.37403297
20.59961510
17.75328636
20.45069885
14.69129467
21.57996368
6.55646706
15.04431343
18.04552650
21.59605026
4.45670271
17.42078209
22.77996063
20.54234505
23.02635574
23.19052696
17.07371712
22.44370079
4.77828789
18.85167122
18.08227921
22.14596939
25.23539734
21.59781647
10.30534077
20.11531067
19.66899872
21.12257385
16.20173454
3.89862418
8.50303841
25.57462692
22.34531021
10.30351162
20.31165504
17.69421959
24.43228340
3.66729450
4.58981657
5.39237118
21.77499962
16.00080490
18.95643616
20.56180763
19.60824013
16.71065712
14.43598080
10.45342350
16.67792320
4.25087214
16.45679283
25.74353600
26.63808823
7.57630730
16.89607811
12.99477005
9.02537918
17.63593483
17.76437759
27.19707870
22.37639618
18.00651741
20.55848503
16.98466873
24.31328583
20.03030586
24.73900223
20.76588821
17.02940369
21.40016937
6.63936520
15.79389381
26.86717987
22.50833893
14.95583630
18.07118416
26.70877838
18.93746948
16.42684555
18.51830673
19.11070824
16.63312531
2.29403377
20.07695007
15.75030231
8.92586231
21.60978317
22.62230492
16.33964539
21.61106300
12.02757454
19.08511925
14.18057919
19.56827354
13.18200302
20.38476562
18.10715103
21.05158615
10.60889816
21.94427872
14.49055004
20.91254807
18.11566544
7.25452852
20.01880455
13.78201199
18.09685898
19.91690826
19.65281296
19.55475807
28.33691025
17.16794586
21.52291107
24.73665047
19.61814880
22.38855743
19.10058784
18.41038895
16.44053268
3.81561685
12.50284863
4.49670601
17.03550911
21.41459846
22.45674324
7.79974174
20.68691635
4.64601660
13.17896080
12.01866245
18.68312836
3.29093337
4.45407104
4.33072901
22.11079788
18.25120926
17.16650963
13.08692169
23.19783783
21.66654015
14.31299400
1.42397308
13.82011223
18.97929001
7.64750385
18.73250771
19.42207527
6.49701214
21.88045502
17.59791374
9.69763088
14.00095749
18.49850082
25.33600998
14.32524204
17.27775002
15.73250294
28.39863396
5.92679548
17.67053604
21.92518425
21.12235832
21.42638397
24.06739616
18.59997177
6.07961893
4.71941042
22.42121506
17.99262047
13.91433239
15.89720631
17.27717590
15.12903309
14.24392319
7.43380404
3.22478867
8.03572845
25.07369804
3.93988442
9.98387051
9.96474838
14.89703655
9.72241211
16.93496513
22.90164757
6.41449976
14.12560463
17.35167503
15.97865582
6.67160988
19.26608658
26.48399162
22.15029716
17.65138817
15.51253700
12.38214207
19.70059586
20.28529167
21.67543602
16.92007065
4.32988024
23.91158104
20.68464851
21.88201332
19.91017532
22.02266312
7.62906551
18.86621475
5.79935455
15.91943169
22.38198280
19.83393288
15.73315716
6.62048292
17.20756531
26.15142632
16.63625145
4.12088585
21.16991806
24.18721771
21.64259338
15.66009998
26.21532249
20.83472633
21.20554161
7.28063202
19.42850685
15.45029831
24.54842186
18.34507179
21.89780045
15.22871017
3.31891608
21.97144890
16.39415932
13.74770355
21.86408234
17.81092453
19.92648888
19.16362953
18.67574883
16.65135574
19.66693497
18.34384155
16.27842140
20.79445076
10.72218132
20.51830101
19.98344040
7.06445646
28.30699730
15.92416191
8.81492805
9.77435970
17.23976898
16.53704643
15.23730469
17.16269875
19.10933495
20.22405243
31.02724075
19.11264420
22.42118645
5.48619032
16.99134064
17.46409035
3.48906541
22.63945580
20.25852966
21.07034111
17.93538475
20.59244347
8.43135738
9.78281403
15.42709064
22.94268799
7.77454519
20.29784012
1.62668753
21.15065956
21.47756004
24.70969391
18.16213226
12.19471836
29.55626488
14.20325470
17.17143440
16.00606537
26.16341400
20.14138985
17.66716766
25.57948685
17.19281006
11.34357834
22.94608307
19.79820061
20.31334686
21.12825966
19.79058456
17.23378181
3.50845957
22.54531288
19.78209305
2.25987291
21.37128258
11.07775021
11.67927456
15.61759567
9.96157455
17.46756363
19.13419724
16.57789803
12.32206535
17.60402489
21.14133453
19.53017807
24.43594360
10.04764366
18.83957481
18.51269531
13.11392021
8.77164650
20.83804512
19.02194023
17.10012245
19.31632042
16.69478416
16.48938942
14.79055023
21.37251472
18.64706039
24.08049774
19.31749153
18.57864952
12.50481701
20.69655228
18.56391716
19.75663567
15.25312519
19.52952194
15.16068649
21.84983826
20.76053619
27.69115257
21.47626114
21.67635155
16.48120499
18.77209282
16.42277908
17.47492790
22.67889023
20.95211029
19.60854340
17.83388710
23.16701317
22.73420525
8.93327904
19.79736519
13.48827648
19.34878540
17.29002190
12.38510704
9.99666882
20.50075912
21.80697250
19.12441826
23.78779030
23.66810036
22.75264168
25.62089348
21.41300201
19.37029457
18.82397079
5.21547127
18.30785751
5.59215403
14.64620113
5.83814430
25.30145454
19.54541206
15.59918594
16.44384766
26.54248047
14.85810089
18.80144310
13.25114155
19.86792564
15.48206139
18.91517830
22.30744934
21.73239708
22.68083191
22.66478157
18.96550751
10.13939190
12.07162380
14.87492847
5.82503366
20.23074150
17.76220131
11.03691196
24.52413750
23.18584061
13.77056026
17.98350525
22.96204948
12.67960835
18.27932167
21.59556580
29.47891235
15.00539207
19.97225380
18.60585785
10.15301991
21.65005493
24.46033478
19.08604813
23.66326332
7.47155905
17.21703529
18.73419952
23.21887016
24.55098343
8.51442814
17.75119972
17.32365227
21.81396484
13.84799957
24.54470825
4.04861546
21.57390213
19.96758270
23.43161201
18.14981461
15.47127438
18.26327705
15.73365784
22.01631355
8.77032089
8.09150696
11.05527592
14.04942989
13.60616112
19.36996460
23.53982735
7.43166208
16.93058395
19.90742874
25.25994301
10.21995926
26.14653587
18.81130600
19.82398987
14.91447639
23.84506035
13.08861446
17.27453041
12.12012291
23.21891212
3.74204493
17.07229233
20.21101761
24.93572998
13.01143360
22.27586937
28.26895523
18.19972610
9.42711163
20.32970619
17.89781952
24.16155624
6.76554108
14.45893478
