11.97372341
-25.08122635
7.39131975
10.19788361
28.36083794
-19.03749275
30.70193863
-6.22310352
-4.11791611
3.02504277
16.34199715
-25.88797569
33.38406754
-4.23178434
-7.82765579
17.32953262
-3.09441376
12.88698387
-31.72538567
13.52449512
3.91621804
-14.22770214
4.47563648
19.81793594
-0.04395208
38.70192337
-11.67372894
-0.48213214
-16.62346649
-3.92337322
9.36537266
-12.48520756
13.48961449
10.70650959
11.67659569
-16.25621223
-13.97201061
-2.91327143
-3.87729526
-22.28955078
-20.84889984
9.72324848
0.29458225
5.56776714
7.76184225
-0.64912117
3.95553732
8.67516613
-40.12587738
-14.01860809
-0.92428386
3.86713743
-7.96480131
-9.33195019
7.57559299
-1.19243515
-3.08515191
-6.72828150
-35.29323196
15.47237015
-9.73485756
7.74940968
-9.50158691
11.85792351
-4.50480413
-0.61989242
-2.10753465
-19.24750328
0.83386105
15.95180988
-23.88743591
8.43015289
6.04592228
17.86513329
-0.47955769
2.12873864
4.41566372
10.51053238
9.30727005
-42.38994598
14.24718571
-27.43678474
1.20418453
-11.89591599
5.16916943
-3.67945576
-7.28378201
9.96624184
-14.84001541
-5.82825804
9.34463501
10.05184937
15.11022377
-14.55704308
-4.02509069
24.76546669
0.42626002
-4.98285389
-15.92135334
-14.70311069
-11.18663788
-8.90594578
-2.08375621
-0.15105526
4.14016247
11.07546806
-19.89978218
23.63268089
5.83363819
-1.16492426
-18.69103050
4.97469282
3.47840405
14.73635101
29.13917351
7.55065203
28.98046112
14.38044643
-10.71472263
0.58826536
2.23460364
13.29702377
-1.37206554
-15.24040318
21.05105591
-6.80885696
14.70444584
13.27446842
-6.62527752
-1.28612733
4.61689091
-4.65198660
7.08358431
6.61349630
-15.31922054
19.54067039
5.80502796
13.14712048
-0.27529746
29.34344292
-25.89395142
-5.90460348
-2.30455661
-4.99332762
-11.50923538
19.50520515
-1.57819796
-14.36736202
-7.46839142
3.56646872
26.67276764
21.92818260
7.05051470
-5.31844044
0.81187856
3.27792645
15.98399067
-13.20930958
3.17663932
-0.46966642
-3.48207831
-8.13956261
-5.33790874
-7.95640945
1.78072453
3.01469803
-30.90588760
4.18339348
-0.83576077
12.07171440
18.49128151
-2.13421321
-4.97511005
-5.70688200
1.59593308
17.83649826
23.12310219
7.24493027
-7.40302229
17.57897186
3.73444080
1.71667278
23.08547211
-11.70135784
-2.99895644
0.28585023
20.32140541
-33.93069839
11.24273205
-17.24674225
-36.68948746
13.49621010
6.30686426
3.80448294
-5.18418503
-5.98674059
26.32811737
-2.82559490
-10.19919491
-9.43610287
-3.34961414
0.64241910
-4.35261631
-13.03891087
37.87075043
-4.37935543
-8.82300949
5.91748333
-7.84901381
-4.63451672
-5.87760067
-31.83612061
0.95211118
6.93158340
6.31797886
3.99807525
2.01165700
-6.51411057
21.58029938
-16.51028252
-13.14275837
15.74104214
-8.90703583
-17.58933067
-4.99574757
4.73557806
-14.10076809
2.65598845
-1.46622908
-7.60633707
4.29118252
-1.00079060
-13.43531704
-2.02381921
18.14616776
-5.15498066
5.17187309
-16.20699692
14.71699047
30.36139488
11.09644127
-8.97475243
27.29410934
-17.60836029
1.30481637
-21.55582809
3.73743248
-21.55934715
15.17443085
-23.68218803
3.82371664
7.95362663
3.17834496
5.99190521
2.83303022
18.81247902
8.34855556
10.67027187
8.74068356
6.07015419
13.64610100
6.60628271
14.94280148
8.34603024
1.17334795
-16.24593353
-4.78837013
-30.81489944
1.11962545
-21.08421898
-20.69956207
-14.18314934
-16.04264641
-3.40489197
14.67935085
-35.42522430
3.08050704
-29.78349304
-1.76539803
7.29466009
-2.87889385
-4.73539162
22.67320442
-2.24551201
29.82799149
-2.42833233
21.35321999
15.89715862
-2.65093637
-5.18217659
3.48272061
-24.65824890
3.54809213
-2.87645149
16.21195412
-26.30811501
-26.27532387
-1.12153018
-28.21802139
2.90529013
-11.85653687
14.36298275
15.98807240
-10.86744881
-4.12614298
0.09024118
0.98673075
-12.87905979
-30.27917099
-4.44291115
1.79482079
-33.67563629
17.50891685
0.91101217
17.88947487
12.51549625
13.56575775
4.37419844
-37.67929077
-20.50164032
6.73365355
29.10253334
-1.90225244
-13.63740921
13.69944763
7.53081465
-5.47552109
0.89518899
1.18674612
28.86482048
-0.39115268
-30.40677261
-17.37688828
9.39491177
21.10990524
-6.17277479
20.36536407
-16.79104614
16.90740967
-5.27974892
22.13210106
21.88043213
-15.67913628
25.09555054
-3.23619342
19.27445793
-9.16639423
3.19970083
2.03417134
16.35124016
16.78790283
-4.45851135
12.22420120
-10.86157703
0.10944098
9.06401825
-4.35344219
-0.23031989
2.33705616
18.42549133
-12.28826904
9.76112938
-9.63980484
-9.66701126
5.24328899
23.33119392
-4.58470869
2.02997518
12.02711105
-2.75259852
17.90631485
-13.12451839
-1.80075598
-9.69353294
4.52611399
11.18580246
9.65544796
-9.75605679
18.71154785
-2.60712528
-9.86979389
-2.39201832
27.43041801
7.09500456
26.41461754
-6.08071852
-8.74883461
0.49065545
-3.18302584
9.27321243
23.90914536
2.84760833
-14.43034649
14.14898300
-6.96571159
9.40475559
-17.19345665
23.26130676
13.02090740
-8.50323963
-4.09994316
19.84042931
-4.11523247
2.69705939
1.97075498
-7.19923067
-1.88532293
-21.95694923
20.84619904
-20.50597763
-19.69264793
-8.50687313
6.92991638
24.53125954
-0.03894948
9.42940712
-16.96546364
7.75938177
-6.88855696
-24.04848480
14.58832264
-15.77443886
7.82421064
-8.32522202
3.55976820
-12.91041946
0.17882623
8.80415249
17.36050415
-37.95268250
-7.68082714
-20.97393036
-6.63277149
-0.54779559
-14.55332470
1.55164993
-16.92870522
-1.72587442
-1.04343331
1.66211689
3.36740828
5.16608763
-37.05749512
6.89985800
26.36427689
2.22523236
-4.57352257
-6.90744352
20.42265129
34.51570129
-3.32931018
-11.08435345
24.17849922
-20.57482529
-18.13771439
-2.47709322
1.30669880
-14.26150990
-5.94921303
4.71432543
17.92960358
9.15134239
21.82641602
-4.00148535
13.66864491
-2.15135431
1.40312576
0.67479718
-6.25475836
8.02432442
6.71492100
10.93317223
-8.91760826
7.27162409
24.05171776
-13.03960419
-6.13838053
7.04188490
23.46651268
-36.18056488
-2.55278468
-6.80736732
-2.74977326
-5.10668612
13.10881710
-8.55623531
0.83443415
-2.04709768
19.27358055
27.12501907
0.55864847
12.55467510
20.49303436
16.99813461
-1.44891584
3.56106639
-4.23445845
-8.99224472
-2.92477584
18.72028542
