-0.84230018
-0.64339012
-0.29032779
-0.51825696
-0.70857263
-0.36034361
-0.19594410
-0.12816633
-0.54278731
-0.28251103
-0.13297470
-0.55546588
-0.07085836
-0.32744780
-0.60484421
-0.48707360
-0.41433805
-0.31893271
-0.38409519
-0.40282190
-0.64600450
-0.19457906
-0.54775292
-0.29464942
-0.71059322
-0.72036064
-0.89295262
-0.60139245
-0.40195239
-0.62250262
-0.52440071
-0.95789903
-0.17450631
-0.14797229
-0.65502656
-0.66730392
-0.48340505
-0.15126970
-0.53491265
-0.77783263
-0.12803425
0.26580787
-0.15097864
-0.60148686
-0.06631326
-0.11809193
-0.58397299
-0.50886673
-0.35499579
-0.49204242
-0.61775470
-0.27595818
-0.32197028
-0.18863966
-0.44782558
-0.63346708
-0.10294314
-0.39620098
-0.20588550
-0.26016992
-0.46568719
-0.51821309
-0.70165187
0.02328722
-0.06604132
-0.27242336
-0.26184011
-0.57381964
-0.62605059
-0.46435064
-0.52456129
-0.25834534
-0.42774445
-0.53693271
-0.18631521
-0.84289092
-0.05903098
-0.46344611
-0.22719954
-0.39483568
-0.15549277
-0.41398311
-0.50502163
-0.49946207
-0.69313085
-0.34436730
-0.34131289
-0.44609582
-0.47552669
-0.22123678
-0.65152150
-0.32600036
-0.47214788
-0.13083264
-0.68039244
-0.69382930
-0.40527001
-0.22775581
-0.79000080
-0.69086611
-0.66431952
-0.23757391
-0.58479452
-0.50201559
-0.33233580
-0.34644178
-0.10234775
-0.39383575
-0.32651129
-0.07494052
-0.28334686
-0.49200478
-0.31750876
-0.46794841
-0.41823757
-0.30782333
-0.36481941
-0.12824646
-0.19212735
-0.63702923
-0.55191416
-0.25457811
-0.54638392
-0.57444793
-0.36863628
-0.46463811
-0.54854405
-0.22874975
-0.47113222
-0.56907451
-0.53805751
-0.68750894
-0.23394272
-0.63632786
-0.58165884
-0.35984966
-0.55116969
0.16043608
-0.54660803
-0.50218165
-0.12651342
-0.98674315
-0.34751847
-0.55033600
-0.39821863
-0.32240638
-0.07678224
-0.38445631
-0.17325106
-0.77835065
-0.49239743
-0.30900887
-0.38018170
-0.37842155
-0.15105751
-0.46054637
-0.51558453
-0.75248444
-0.10785428
-0.15533799
-0.14053616
-0.61087328
-0.57198274
-0.50140226
-0.57930529
-0.03460465
-0.74094468
-0.67947501
-0.06114571
-0.69573063
-0.64596999
-0.08183471
-0.11005280
-0.46437111
-0.18883757
-0.21948262
-0.42337218
-0.15555723
-0.75796467
-0.20353581
-0.28871688
-0.27645272
-0.48682961
-0.56204075
-0.22596854
-0.05277287
-0.68815541
-0.27422735
-0.36315101
-0.49245512
-0.37636933
-0.68532693
-0.17451739
-0.09799933
-0.10942352
-0.23273203
-0.47708166
-0.63294011
-0.60652864
-0.51513022
-0.90548700
-0.22259188
-0.08189087
-0.30162793
-0.46657866
-0.04617639
-0.49466798
-0.50669789
-0.57580256
-0.03472070
-0.49833247
-0.42912370
-0.12646818
-0.41405731
-0.62760800
-0.66171855
-0.14444759
-0.54914272
-0.20332301
-0.59175569
-0.45877078
-0.52886242
-0.28186840
-0.50139099
-0.18185057
-0.42656413
-0.59964019
-0.10793916
-0.39836583
-0.64797437
-0.62863541
-0.53663903
-0.75009412
-0.30283999
-0.41263953
-0.27346477
-0.36354348
-0.66613853
-0.41797599
-0.81765193
-0.21907008
-0.32975227
0.10093534
-0.60756141
-0.05525266
-0.30916435
-0.37096962
-0.50914919
-0.48991537
-0.54066634
-0.59707785
-0.53962868
-0.22014937
-0.32297498
-0.47253701
-0.11361437
-0.65482032
-0.19649678
-0.74225879
-0.09472403
-0.63689679
-0.60404438
-0.50193101
0.00390146
-0.75297779
-0.26006040
-0.33834705
-0.61821973
-0.47611573
-0.40705520
-0.53723389
-0.62133783
-0.41936141
-0.36779004
-0.37345228
-0.70899510
-0.11295987
-0.54146689
-0.23681520
-0.37249309
-0.20474659
-0.15222351
-0.56596786
-0.48525652
-0.44189695
-0.53815043
-0.43882290
0.01301678
-0.78171748
-0.64145291
-0.23887430
-0.42165264
-0.32575899
-0.13768022
-0.18479118
-0.51838446
-0.62620634
-0.35467246
-0.64094281
-0.36944556
-0.25660366
-0.41715276
-0.17684308
-0.35147437
-0.16099310
-0.08474933
-0.37155151
-0.36373624
-0.47879979
-0.73139691
-0.64365715
-0.47976810
-0.61822170
-0.83615875
-0.20160612
0.13617733
-0.26390576
-0.41170874
-0.53823876
-0.43716961
-0.26458323
-0.37411281
-0.45963234
-0.47015983
-0.39792854
-0.46256447
-0.72101736
-0.10583859
-0.00503780
-0.59858912
-0.04907436
-0.34567273
-0.71744144
-0.25443736
-0.61076558
-0.39851385
-0.62414479
-0.28867960
-0.61432731
-0.62090224
-0.32708281
-0.79932654
-0.40445116
-0.10428681
-0.68038464
-0.55519569
-0.51657486
-0.51026052
-0.33437940
-0.33413246
-0.66620958
-0.74935675
-0.69882703
-0.62035161
-0.30303285
-0.91064978
-0.34863979
-0.68641758
-0.07449146
-0.77038467
-0.37941304
-0.18730022
-0.67519110
-0.56380385
-0.37638867
-0.20338482
-0.29803759
-0.63460785
-0.27931756
-0.45461351
-0.03789859
-0.33086553
-0.44066006
-0.47852892
-0.88221973
-0.59907734
-0.63103521
-0.21961300
-0.56094420
-0.47524053
-0.42191929
-0.46523955
-0.41615745
-0.53250182
-0.38965979
-0.55118024
-0.26348740
-0.78622741
-0.30693439
-0.32004014
-0.47954312
-0.28223503
-0.81441313
-0.40396902
-0.63064456
-0.21316661
-0.43810603
-0.28285328
-0.18040182
-0.55302322
-0.17580371
-0.11291198
-0.05366255
-0.47569010
-0.19534832
-0.30800095
-0.18768226
-0.55088425
-0.57245553
-0.33869603
-0.51325369
-0.34483710
-0.37858555
-0.63787699
-0.69950557
-0.43309951
-0.22703391
-0.37946454
-0.21529458
-0.64828944
-0.52064931
-0.31320021
-0.31561205
-0.39568490
-0.09262560
-0.54288572
-0.64843619
-0.18923755
-0.32760558
-0.55512816
-0.56194991
-0.70828754
-0.37113324
-0.40503272
-0.63047081
-0.35207534
0.06137978
-0.30570912
-0.63373113
-0.97505611
-0.30529577
-0.41288000
-0.32163686
-0.25585949
-0.07554835
-0.42330578
-0.67271090
-0.32732511
-0.61360806
-0.36731365
-0.24406672
-0.46765766
-0.73980504
-0.35632959
-0.67383891
-0.05675375
-0.08720434
-0.64183652
-0.67791939
-0.65111840
-0.41293842
-0.31798148
-0.24904692
-0.55199838
-0.31342661
-0.38277301
-0.45597404
-0.52456504
-0.71160638
-0.27385113
-0.33435166
-0.54453027
-0.33009893
-0.68704861
-0.13150352
-0.40515152
-0.20576300
-0.39809868
-0.66231591
-0.40081459
-0.37320185
-0.18184392
-0.73964602
-0.42489037
-0.32997543
-0.76208377
-0.20961617
-0.49693045
-0.25855601
-0.32728744
-0.53983730
-0.45721671
-0.17541051
-0.35647219
-0.20796195
-0.38396746
-0.32328519
-0.21841332
-0.48365903
-0.37956819
