-0.36881131
0.11839136
-0.90281630
-1.09275985
-1.33283710
-0.28144005
0.38625595
-0.09934969
-1.01924098
-0.26186725
-0.73046482
-0.22944975
-0.98175657
-1.33139825
-0.32290140
-0.66477102
-0.58316672
0.82103604
0.42439517
-0.47799206
-0.48845163
-0.69443804
-0.39021814
-0.67430365
-1.31233311
-0.76088881
-0.28640586
-0.73308998
-0.67215270
-0.53550172
0.60996282
0.23912628
-0.02652537
-0.33432508
-1.01749992
0.30019900
-0.82962275
-0.47243953
0.82354230
0.60693187
-1.47995949
-1.97565544
-0.62231702
-0.43930548
-0.44805229
-0.92523038
-1.87025368
-1.71597981
-0.15146822
-1.20496893
-1.30929935
-0.55679858
-0.52746034
-0.48983824
-1.21822345
-0.51406378
-0.50348449
0.52837324
0.48902076
-0.85759902
-0.33391348
-0.32851246
-0.67534089
-1.56901824
-0.30944484
-0.54730570
-1.61068785
-0.85933495
1.06761158
0.04104448
-1.07395208
-1.85791135
0.39973506
0.87767178
0.46002346
-1.13636434
-0.61632055
-0.83140332
-0.69759101
-1.09981561
-0.29211324
0.12339017
0.42153859
-0.89412284
