-0.250000
0.125000
-1.000000
-1.000000
-1.000000
-0.250000
0.500000
-0.125000
-1.000000
-0.250000
-0.500000
-0.250000
-1.000000
-1.000000
-0.250000
-0.500000
-0.500000
1.000000
0.500000
-0.500000
-0.500000
-0.500000
-0.500000
-0.500000
-1.000000
-1.000000
-0.250000
-0.500000
-0.500000
-0.500000
0.500000
0.250000
-0.031250
-0.250000
-1.000000
0.250000
-1.000000
-0.500000
1.000000
0.500000
-1.000000
-2.000000
-0.500000
-0.500000
-0.500000
-1.000000
-2.000000
-2.000000
-0.125000
-1.000000
-1.000000
-0.500000
-0.500000
-0.500000
-1.000000
-0.500000
-0.500000
0.500000
0.500000
-1.000000
-0.250000
-0.250000
-0.500000
-2.000000
-0.250000
-0.500000
-2.000000
-1.000000
1.000000
0.031250
-1.000000
-2.000000
0.500000
1.000000
0.500000
-1.000000
-0.500000
-1.000000
-0.500000
-1.000000
-0.250000
0.125000
0.500000
-1.000000
