-0.09918890
0.21004255
-0.25762337
-0.36540666
-0.01963367
-0.67283922
-0.04080618
-0.06748325
0.93824518
-0.01464721
0.20027651
-0.31094944
-0.38321909
-0.49014887
-0.46521491
-0.07867464
-0.13987516
-0.22644940
0.12896201
-0.52067327
-0.63276380
0.09656890
-0.07349013
-0.53431785
-0.09618019
-0.13943847
0.32444707
-0.02634656
-0.40481693
-0.08256225
-0.27405411
-0.01078718
-0.36398339
0.07323339
-0.08203882
-0.54066080
-0.40666071
-0.08564505
-0.06539623
-0.35762674
-0.09422865
-0.02222768
-0.05065462
-0.12043607
-0.21373665
-0.21064013
-0.11430166
0.76338786
-0.03805273
-0.48213297
-0.03428856
-0.10821546
-0.24804300
-0.14848322
-0.30392325
-0.73010910
-0.08527155
-1.03763759
-0.48054659
-0.69948512
-0.11597365
0.71296549
-0.08442828
-0.09610549
-1.07063103
-0.01194248
-0.70825350
-0.10350873
-0.08962067
0.18739153
-0.37084311
0.22919898
-0.08536644
-0.01486397
-0.09064468
-0.39280722
-0.02319707
-0.11101560
-0.08430000
-0.00943962
-0.06623422
-0.94836861
-0.27407348
-0.01811412
-0.51111007
-0.05867690
-0.54804987
-0.38337809
-0.40367597
-0.27854842
-0.48869097
-0.41594341
0.33167592
-0.08270410
-0.43773678
-0.20437793
-0.40557912
-0.24674413
-0.16517246
-0.17971458
-0.07578576
-0.21849279
-0.58659434
-0.22079469
-0.08639786
-0.19889617
-0.67298162
-0.04789402
-0.09288459
0.10623826
-0.71444821
-0.03221245
-0.09626101
-0.61856312
-0.56946909
0.36725676
-0.08960604
-0.08827603
0.01281893
-0.51987016
