-0.125000
0.250000
-0.250000
-0.250000
-0.015625
-0.500000
-0.031250
-0.062500
1.000000
-0.015625
0.250000
-0.250000
-0.500000
-0.500000
-0.500000
-0.062500
-0.125000
-0.250000
0.125000
-0.500000
-0.500000
0.125000
-0.062500
-0.500000
-0.125000
-0.125000
0.250000
-0.031250
-0.500000
-0.062500
-0.250000
-0.007812
-0.250000
0.062500
-0.062500
-0.500000
-0.500000
-0.062500
-0.062500
-0.250000
-0.125000
-0.015625
-0.062500
-0.125000
-0.250000
-0.250000
-0.125000
1.000000
-0.031250
-0.500000
-0.031250
-0.125000
-0.250000
-0.125000
-0.250000
-0.500000
-0.062500
-1.000000
-0.500000
-0.500000
-0.125000
0.500000
-0.062500
-0.125000
-1.000000
-0.015625
-0.500000
-0.125000
-0.062500
0.125000
-0.250000
0.250000
-0.062500
-0.015625
-0.062500
-0.500000
-0.015625
-0.125000
-0.062500
-0.007812
-0.062500
-1.000000
-0.250000
-0.015625
-0.500000
-0.062500
-0.500000
-0.500000
-0.500000
-0.250000
-0.500000
-0.500000
0.250000
-0.062500
-0.500000
-0.250000
-0.500000
-0.250000
-0.125000
-0.125000
-0.062500
-0.250000
-0.500000
-0.250000
-0.062500
-0.250000
-0.500000
-0.062500
-0.062500
0.125000
-0.500000
-0.031250
-0.125000
-0.500000
-0.500000
0.250000
-0.062500
-0.062500
0.015625
-0.500000
