0.18202831
0.07642487
0.00528010
1.72785985
0.08533429
1.08666825
0.00669726
-0.04199785
2.26950502
1.50431573
-0.04179790
0.06257199
1.39353383
0.03439289
0.01857443
2.36950850
2.77267599
0.09720132
0.05389168
0.03464536
0.05193673
0.20502572
0.04446234
0.01558456
0.67009586
-0.02207734
0.03255961
2.30818677
0.01402148
0.07814580
0.14253956
0.02871843
2.80342245
0.03046998
2.05432343
0.18908560
2.83541918
-0.02745662
0.07871169
0.16869693
2.65124822
-0.03310877
2.02638173
0.06132457
3.06237268
0.10457607
0.11658306
1.73993385
2.71485591
1.87767458
2.69947815
2.96256018
2.51096487
2.77415586
-0.01749887
0.04077069
0.05835737
0.65542907
-0.00582933
1.18015397
0.03189301
0.08310461
3.11270690
0.05779918
0.00408461
2.57701778
-0.01562023
0.02565438
0.15041049
1.64029455
0.18217665
2.23618817
0.05745840
0.01001776
2.47612691
0.08724953
0.04266275
0.18775529
0.00538039
0.05044634
0.01969495
0.10085731
1.95690286
0.13700068
0.13445003
2.57149482
0.85169798
0.04081691
0.12759644
0.04719616
0.02155949
0.51757205
0.67544121
0.06952381
0.02985428
0.53248817
-0.00354809
0.00294510
2.88438392
0.03335649
0.01045590
0.00181852
1.85398412
0.09868665
2.07674909
0.08576229
0.14771232
2.15969801
2.17654538
3.34033346
2.13983750
0.09241571
1.52849329
0.01425436
1.51275015
0.20669860
2.63656616
0.08530682
3.30051923
1.85610473
2.02489328
-0.00544396
0.07337335
0.04939836
1.67273033
1.77719200
0.32757914
2.03558660
0.08486551
0.03105680
1.41887093
0.06649810
2.28656197
0.07464174
2.62246943
0.02529735
0.02453651
0.05153525
1.31416798
1.88954782
2.39978504
2.97621226
2.05667043
-0.04336794
0.03201370
1.89332771
0.63865042
0.05516123
0.05406203
1.65366971
0.11601928
2.66581726
1.34197497
0.02063069
0.01940615
0.04512515
0.20399809
-0.01230351
2.59419346
0.04799029
0.06539679
2.24128389
0.00835401
0.01424554
1.16281343
0.08806132
0.05650506
2.65201926
0.16266955
0.06152067
0.05614261
2.47471881
2.14896345
1.24902475
0.13261150
0.17641519
0.08595234
1.69695592
0.18507960
0.06122498
0.02471969
1.74836123
0.08310227
0.17108245
0.09629339
0.12592039
2.67477441
0.07642803
0.06534043
2.01142073
-0.06789106
2.27029419
0.04298568
0.03214000
-0.00254044
0.07743788
0.50383788
0.12964809
0.05129103
0.02324781
2.63897157
0.20506522
0.08562547
0.09416369
2.85891414
-0.02601616
0.77451032
1.39622474
0.06980963
-0.00642488
-0.04003609
2.19917250
2.42582297
1.71081662
0.13415147
2.22711301
0.19267654
2.08976555
1.60343742
2.00482559
0.51617050
2.23433280
0.26838300
0.03363282
0.02352196
1.98980880
0.03117560
0.06985033
0.03315467
1.16725421
2.37666583
1.52685499
0.03447467
1.61802948
0.12730026
2.21393752
0.11067528
0.13438976
1.59580636
0.03116857
2.39653945
-0.02713503
0.12287153
0.00102749
0.16253859
0.12922052
0.03041405
3.20112705
0.03922078
-0.01830341
0.05911685
0.10099119
2.10931182
0.28177905
2.00647974
2.39059925
0.07631980
0.10377436
0.72103757
3.43081856
2.47481585
0.06099507
-0.02638154
0.07488734
0.31403556
0.03713263
0.04824172
1.38864899
0.04482707
2.16871095
0.06996151
2.28783798
2.43801117
0.07215937
0.10594869
2.26700401
2.46798897
2.39951205
2.12668061
-0.01389685
0.10587361
1.15345669
0.04009280
1.22887337
1.14953709
0.04499578
0.03324303
0.22991078
1.38485873
1.07092345
2.58921218
0.07948174
0.05817187
1.83842576
0.01650180
0.16180463
2.49495864
2.92237782
0.06714812
0.05284377
2.02959204
0.97643715
0.06491245
2.83365035
-0.00391612
0.15909123
1.25663352
0.03320055
2.66704559
-0.00187871
0.27747998
0.00340017
0.10619239
0.09686955
0.00144851
1.39642823
0.08227449
0.08028853
1.97094953
-0.05139042
0.04190232
0.05151448
0.49949008
1.65290976
0.17748494
0.03016259
0.09838518
0.30940619
0.08678343
0.06210602
0.04834565
2.75507879
0.10962308
0.09987594
0.07904324
1.28803051
2.36023998
0.06072205
2.35193968
2.26202273
0.07368367
0.01249528
-0.01007780
1.69996023
2.45041275
-0.01292212
0.09169130
0.07034003
0.48824540
2.50628233
1.97867835
-0.02710822
2.08427072
0.01788874
1.39251292
0.05969945
0.00673879
0.16911760
-0.01791037
0.87035358
2.32197237
0.00757644
0.05752295
0.01463854
2.83213758
2.23474646
0.17768578
2.03040123
2.89201713
1.56656420
-0.02527467
0.07496974
2.62934327
-0.04898343
0.09631249
1.43366110
1.81582117
0.03525379
2.53662157
0.08991883
0.73452199
0.05364096
1.87966597
2.35221696
0.06502709
0.17339098
2.08876038
1.58099806
0.00139640
0.11537308
-0.01171247
0.04611818
-0.01212580
0.15341072
2.34202671
0.09296644
2.69549608
1.01332724
0.02067964
2.92050123
0.05156639
1.48891568
-0.03903385
0.65880680
1.92799318
0.00337203
0.83502018
0.06197322
1.79745209
2.03065014
0.12910701
0.11546279
1.74844253
0.13141163
-0.03328760
0.02304988
0.02330264
2.53604674
1.60589492
1.82672799
2.48724413
0.13171014
0.01029460
0.09160184
2.05850196
2.00758457
2.98110867
2.01783395
0.03081068
0.13239568
0.22456650
1.54453480
0.08169170
2.17211962
0.07690550
2.44460797
0.04399055
0.02524434
0.08128566
2.11965108
0.16175564
2.24445534
1.57026029
0.00687733
0.12298782
0.17628694
0.07443526
2.86409879
0.01138392
0.09524041
1.76943827
2.05177784
1.81528556
0.11724951
0.04807857
0.17735092
0.05989481
0.02425986
2.23911691
0.06875313
0.05373892
2.69887280
0.14465642
0.01446944
2.55294800
0.07773838
0.89027351
0.05644846
2.50401974
-0.04039228
0.06766743
0.28809863
1.70838165
1.72922039
0.00162908
0.18932800
0.04913764
2.71765971
1.22284472
0.06027570
2.29524398
2.35098505
0.02142012
0.06784242
1.16388321
1.61577380
0.08675497
0.03933785
1.92384577
0.04986605
0.25745347
0.05830017
0.52425790
1.76340616
1.57359374
-0.00624407
0.17026016
1.28965962
2.55187845
2.42879057
3.13807917
2.31409359
1.57852268
1.79700780
2.74734163
1.35458708
2.12237120
2.47555685
2.46524930
0.09428027
2.99052882
0.02342012
0.06594864
0.12115519
0.05499810
0.82590044
0.00741767
1.68557048
1.37922466
2.09653473
0.04769447
2.94077611
1.85570741
2.36875343
2.10786223
0.08051900
0.01348056
0.23509733
1.68555045
1.34098530
1.99240196
0.04598137
0.03165874
-0.05311074
0.15787907
0.15779431
0.08413001
-0.00325694
1.58302784
0.00375758
2.56809497
2.57338285
0.00980629
0.07873593
0.04408238
1.94254589
0.07857154
2.47450852
1.77354515
0.02336431
0.05931017
-0.01273782
1.33876216
0.75748795
0.14385672
0.05330138
1.31421387
0.10341102
0.03915243
0.08643194
1.65243983
2.38267159
2.80546403
1.54027617
0.12378307
0.76047939
0.11936092
3.30219698
0.04610424
0.01330314
2.71015835
0.08842970
0.02342298
1.35632634
2.69919133
1.24348474
-0.01123090
0.11168883
0.10460484
0.09573217
1.06149316
0.05714756
-0.00243510
-0.04719393
0.06743970
3.13251615
0.06505395
0.02954264
1.86514366
0.08468750
0.03088352
0.01751290
2.54915833
0.05405290
0.09734908
1.46181095
0.11694333
1.57200074
0.07774453
0.05152880
1.93937457
3.09618473
2.82551336
3.28622055
0.02495470
-0.01546254
0.03954953
0.02440270
-0.00617302
2.37631893
1.50117135
0.59193558
2.64910674
2.64721560
2.56968832
1.09142494
2.61113453
1.35591280
0.06345467
0.09473087
2.29415274
0.05138617
0.05455510
1.89949286
2.76464939
0.24518046
2.33035564
0.92693156
-0.00582514
2.54554510
0.06974667
0.19352657
-0.00609771
1.76165223
1.85698712
0.22759095
0.55894327
0.03267633
1.21873927
0.05353602
0.07536997
0.04448217
2.41959572
0.09233546
2.64614487
1.71695173
-0.00926893
0.10688081
0.02282768
0.01314892
0.06805073
0.05432539
0.10470015
0.03354915
0.08061160
0.04693618
0.07759606
0.06281040
0.03445666
0.82364255
2.12291050
0.13477798
1.89205444
0.10990664
1.31960261
0.02245680
2.72728705
-0.01265743
0.14054665
0.13612783
2.15198946
0.00294322
1.67159319
0.09959074
2.10029435
0.10861492
0.09467465
0.08760409
2.22017050
1.61479461
0.03982183
0.00525089
1.77789938
0.04179584
1.12267566
0.04126400
2.26330066
1.49927640
0.10718267
0.07917835
1.65521383
0.08167113
1.61268806
2.21235037
2.52007556
2.46028328
0.05958007
0.14880186
0.00914634
2.57676673
3.63263750
3.10772967
2.22967792
3.30113482
0.00092996
-0.02394877
0.02841890
2.42645955
0.00802376
0.88288546
2.41468358
0.14193663
-0.02840159
0.17654346
2.23706794
0.09751872
1.63417161
0.04319146
0.06321818
0.04929344
2.06180120
-0.00628187
0.06501387
2.52603030
0.04690811
2.18607044
2.35842586
2.59649801
2.10272169
-0.01517121
3.19130754
0.07673905
1.78292179
2.25785279
0.94987983
2.99646235
0.16462469
-0.00990236
0.20643762
1.90241623
0.12817794
0.09467600
-0.06516952
2.57654428
-0.05085731
0.05126552
0.01634974
1.46420670
2.21386051
0.43525836
2.80761027
2.51869464
0.11351064
0.17675233
1.77478325
0.05830091
1.74508584
0.00235667
-0.06862349
1.95481658
2.65652227
2.99197030
0.02849174
0.05067648
0.07351930
1.56528723
0.50314701
2.06719279
0.21151926
0.08244523
0.06087796
1.65422034
1.24425614
0.07692995
0.09334040
0.07900463
1.16735423
2.10947657
1.81444550
-0.04101062
2.04599142
0.05813408
0.00161986
1.34894335
0.04353001
-0.00651116
0.02327216
2.12777758
3.19796324
2.30288219
2.82498121
1.22773206
0.06912206
0.09089656
0.14558461
2.04226160
3.09182119
1.42280400
0.14160560
0.27486402
1.43153191
0.15761980
0.03756779
-0.03528161
1.29993153
0.00345249
0.00858946
1.98251688
0.06875342
1.55357563
1.85163391
0.04810949
0.13468024
2.23057723
-0.03984023
0.07298635
0.83273745
1.88939989
1.80698943
0.03268144
0.63470471
0.09899747
1.96738374
1.74010646
0.07590565
0.14469464
2.24325538
0.08027487
0.04038244
2.77309728
1.30124223
2.56183958
0.07889489
0.08927843
2.87517571
1.15821099
0.09901951
2.23277950
0.05927403
0.09587599
0.04997431
1.82055426
2.58240342
0.05106166
0.04680186
0.07229992
1.34182394
1.50242519
0.06087649
3.08119321
0.06067462
0.14270562
0.10098285
0.84483927
2.21726799
0.09816685
2.21627331
0.09815618
0.03054162
2.55045962
-0.01160078
1.75867736
2.37774968
0.08090810
2.15649915
0.09823420
0.07382897
1.27481925
0.07001500
-0.04738381
0.04707661
0.10246763
0.02282740
1.64359188
-0.02943639
0.19432832
2.07843757
1.08138502
0.17825232
-0.02116954
0.09993789
0.12488557
0.08995865
0.10621578
0.02305073
0.05807856
1.74319446
1.18537927
1.75382638
0.05109578
1.44134569
0.08247926
-0.01216379
1.59628093
0.06308744
2.31576943
0.01104395
0.88958168
2.20770264
1.14501154
0.05730846
0.10049875
1.67329895
1.24721456
1.75808132
0.04423599
0.13615590
2.51070714
0.04994997
0.02746079
1.37192500
0.04665847
1.83584809
2.74558830
0.14009735
0.08958644
-0.00655004
3.34637809
0.06171064
-0.00587837
0.11871228
0.07078479
0.03911084
0.93911487
2.00922227
1.99068403
0.01616207
3.25238824
0.05164023
0.02699447
0.10732887
0.06426117
3.05300713
2.66370845
0.04649251
1.12635136
0.12357800
1.45868850
0.07348306
0.18921410
1.84429264
0.59491163
1.83690012
0.02130962
0.10294680
0.08803535
1.14683604
2.61475682
0.06580039
2.58843756
2.15626192
2.81534719
-0.00356480
0.03456853
0.04286980
1.96151733
1.64383721
2.96534991
2.77928543
0.09649725
0.80025393
0.07798265
0.04983950
0.13991776
1.86894071
2.32186890
3.34223819
0.02981151
0.08593001
2.79315257
2.35584235
0.04162957
1.48185682
0.03365810
-0.01580614
0.67033219
3.05576253
0.06520770
2.66149092
0.00341571
0.04963354
2.24598432
0.07160687
0.07671708
0.09937601
1.72081292
0.05988323
1.11273623
0.05076809
0.04576063
2.42684889
0.00159759
0.51418483
2.22602463
0.17666036
2.19943643
2.29812622
-0.04970425
-0.05499795
0.13173974
1.10959148
0.04944175
0.04745094
-0.01665203
0.01277310
2.20266533
2.50719023
-0.02663770
2.22395372
0.16678572
2.51054931
-0.01634580
1.88958919
0.05158926
1.91197193
0.07520133
3.38573146
2.17751789
2.45701480
0.78671777
0.20137779
2.29405522
-0.00635180
0.04273730
2.21913195
0.01690266
1.96101439
0.12165119
0.01455636
0.05726697
1.42240119
2.94650126
2.34617972
0.00071950
1.99714887
1.32528675
1.88522995
0.00525940
0.02607105
2.46199584
0.07122529
0.11465210
1.97694397
-0.00092876
1.75097013
2.53236651
2.02393579
0.00620207
1.85177398
0.05618548
0.03770320
-0.00151342
2.33148956
3.26789188
0.02285641
0.04706549
0.04257005
1.14121401
1.39010012
0.03253264
2.59208131
0.00060046
0.05558600
0.16398484
0.03856865
2.26862383
0.03650090
1.44798410
0.04653129
0.16003709
1.60987747
0.10660408
-0.02504838
0.13689767
1.04821467
2.14366961
0.01983758
0.06221046
0.09195078
0.01246318
0.04272908
0.02507421
1.87897909
0.05137435
1.00445950
-0.00529563
0.09103790
0.03827731
-0.00070086
-0.00591545
2.82714987
1.27449191
0.06491689
0.48123008
1.89827788
1.54405582
1.39444613
0.25320306
0.15944156
1.35241103
0.54067004
0.11246344
0.02784071
0.03719985
0.61454904
2.68033957
2.50714374
2.13248229
0.02050140
1.57024181
1.74190176
2.58939362
2.08986068
0.05665043
0.95173573
2.19567609
0.01176137
0.12724969
2.81397533
-0.03107733
2.02000690
2.72108984
2.19649553
0.00233634
0.05668399
1.50969124
0.05392781
0.01275721
2.26322293
0.12428840
2.59252691
0.03378863
0.47474915
3.31582928
1.10609138
2.62331867
2.98750234
2.05752730
2.07511067
1.73905456
2.32551312
1.95373678
1.99721253
-0.02192809
0.13511951
0.07592224
2.53233218
2.01187253
1.68117130
2.58270454
0.14923805
-0.03826756
0.06957541
-0.04352409
-0.01237342
0.07747736
0.06949180
2.29234838
1.74374151
0.58857685
0.02139079
0.08636328
0.10132725
1.47980189
0.14572874
0.07394551
2.53705692
0.12645036
0.11731803
0.60794526
0.06919638
0.01022909
2.52652049
1.77367151
1.57079089
1.46203804
0.89957637
0.13773830
0.02074997
2.09711885
0.02774615
2.17113233
-0.01751736
2.64273763
0.00898408
0.09514038
1.67453253
2.11041141
0.03415004
1.94340467
1.87728930
0.04309804
0.84927160
1.96651292
0.09011748
-0.01023626
0.15859818
2.82782173
0.10609987
0.12064821
2.17047548
-0.03014616
1.79885900
0.13897568
0.01789134
0.09532797
1.05443037
0.02387815
2.97133946
0.08792566
0.03947411
0.05466420
1.92279589
0.06057339
0.01419952
0.11028056
2.09897304
0.39459249
0.02008888
1.80862796
0.26612282
0.18266994
0.01395528
2.51801157
-0.01137096
0.07583202
2.55854821
2.04583645
0.09181138
1.76650262
0.07932678
1.08726311
0.07286526
1.71157455
0.01282629
2.92064404
0.02646330
1.95003963
0.05693268
1.52192771
2.71841979
2.04741049
0.09563494
2.88349175
1.60222995
0.95552200
0.18232764
2.80720735
1.96120119
-0.01490706
1.98779500
1.05425036
2.33263063
2.61718917
0.47926202
0.00763689
0.17544517
2.41289687
2.72041798
1.93687296
1.70780444
1.51279116
1.43268585
0.01338702
0.25914502
0.06891305
2.61122084
0.06000413
2.23120594
0.24362621
0.05107864
1.48670554
3.45733619
2.05614018
0.17075446
2.05256176
0.85958004
0.06858964
0.01165453
0.18597436
0.09691142
0.11944854
0.03999146
0.09024947
1.34405100
0.12686421
0.01832045
0.02665335
1.67441797
0.04693030
2.21198249
0.02717131
1.68241644
-0.03525948
0.15836611
0.14163394
0.09542881
-0.02718126
2.28907394
0.05226690
1.04960024
-0.02264705
0.00210450
0.05261243
0.17241342
0.13106330
2.88336110
1.88279450
0.02166751
0.01995423
2.71357465
0.06996575
0.02140846
2.29513311
0.10521221
0.06246855
0.15602650
0.74606109
2.91028047
-0.02008334
-0.04638513
1.14913094
2.17261887
1.00266325
2.49985290
-0.00663903
0.33218476
0.17323713
1.86335301
0.03876778
1.04563260
0.20226067
0.05522168
2.28244257
0.02624997
0.02293867
0.07428741
0.17812546
2.14537978
2.76314020
2.75855684
2.49437261
2.60414600
0.61868554
0.10841707
0.04101990
0.12332270
0.82206851
0.11794008
0.77592564
0.10206360
0.15064101
0.14152315
0.05518144
-0.05557849
0.03825454
1.32642710
0.10488700
0.15305850
0.07730941
0.13865094
0.05563576
2.07709956
2.98450160
0.10167246
0.12022587
2.85854125
0.62737989
0.08681400
2.65631557
1.84294963
0.04548131
-0.01717730
0.83238083
0.06137279
0.10412778
0.07806391
0.07992420
0.13016324
0.06163418
-0.04014701
0.05173361
2.74240470
2.15060616
1.75858748
2.47264028
1.23531544
1.52218747
2.10333967
-0.03379038
1.13686252
1.92561996
-0.00280490
1.41679370
-0.03480123
0.04925592
1.97907102
0.05671342
3.03281689
1.66600335
0.09283921
2.27382851
2.41931486
0.11943121
0.11249421
2.37027693
0.02122979
0.09474773
2.28948164
0.04959202
0.10670105
1.88535702
1.30061495
0.35549611
-0.02512926
0.15694903
1.27705228
0.15162683
2.57496405
0.05121376
1.63709199
0.02099732
1.81499290
0.16733481
0.10157168
0.04750410
0.10410471
2.00975847
0.14100656
1.98518085
0.04340996
1.86072826
2.10691214
1.30598927
3.28462386
0.00355956
0.04927452
2.83061600
0.00317590
0.02087013
3.09802699
0.07686939
1.32884324
0.16786298
2.41250896
1.28486407
0.11261296
0.13233475
0.07283702
-0.01388189
0.05881756
2.01031232
0.11085159
1.58605742
1.78819823
0.07559957
1.26295722
1.80606353
0.12200818
0.03597980
1.91805410
1.06920314
-0.02756974
0.03298557
0.26586992
2.29430413
-0.03345589
0.03306697
1.38388348
0.09032942
0.89511967
1.93376291
0.03753611
-0.03326122
2.06630540
0.11146903
1.81410003
-0.00213428
-0.01179425
0.03078698
-0.00303885
2.03571796
0.01511319
0.00818472
-0.00405848
0.52649522
0.02760631
2.13872433
-0.03211456
1.06169105
0.21155906
0.45624846
-0.01224334
-0.00450790
2.87248421
1.99965429
0.14767075
0.03675380
0.04307398
2.33557487
2.14530993
2.04771924
1.85273814
0.08372704
0.09539759
1.16621578
0.12189141
0.16737704
0.12869607
1.20886874
0.08665247
0.01220513
0.13568862
1.10686052
2.26278019
0.01379660
1.80936968
0.08614302
1.94591105
-0.02328324
0.19784655
2.15041113
2.12582636
1.58414805
1.96249354
0.98088413
0.52626437
0.33485541
0.08383406
2.82403040
1.74129093
2.22844887
1.55878210
0.05805511
0.29783669
0.02493759
0.06888367
2.74023914
0.11738823
1.61287951
0.09988270
1.28766060
-0.01634510
1.51520705
0.00589761
1.90776563
1.29700303
-0.00787092
0.92092204
0.06136438
1.03003085
0.03394503
-1.49981105
-0.01542253
2.14932799
0.02391201
0.11485597
1.33431053
0.02348458
0.17415857
2.97975254
0.04744192
0.05075197
1.59900677
0.03201686
0.14487383
-0.03022718
1.25662637
1.83361924
0.00933080
0.07672001
1.92179608
0.23530968
0.01270779
-0.01452427
2.43676639
2.14721012
2.37271166
1.92320728
-0.06751055
1.23943734
1.81360018
0.08363260
-0.02083080
-0.00759993
0.27353105
1.65651929
3.13694906
1.39396977
0.93942875
-0.02331105
0.02898132
0.04807842
0.08823051
-0.01739281
0.05602408
1.73576987
1.14594889
2.77793074
0.05526245
1.10222614
0.16528141
0.05491324
2.05155015
-0.00648731
-0.04037048
0.04146420
0.05577538
0.05475698
-0.04450142
1.82105684
2.87919259
0.00351820
0.12789603
0.03621594
0.04877644
2.90698385
0.24251808
0.11679331
2.09404945
0.11186414
0.01773938
1.74437821
1.93167520
3.27371883
0.08767903
2.61040592
0.11308162
1.92354119
0.09283596
1.77100027
1.65607023
1.62692058
0.20084915
0.05602304
0.03741628
-0.01033767
1.85042751
1.09597373
-0.02060493
0.03897879
0.09682047
0.02442828
1.51413584
0.01506525
1.59499419
2.39682865
1.96915913
0.20309873
0.11165319
0.06469846
0.09690561
1.44374299
0.11164222
2.28190303
0.00117015
0.04410500
0.05519287
-0.00886433
0.17887765
0.01152561
2.25046372
3.01544952
-0.00342035
-0.01731585
0.04122691
0.07119082
0.02098883
1.69078958
0.10084821
2.48801827
1.80864823
0.06485623
2.41297555
0.04730372
1.45947218
2.81394553
0.07123961
1.74357808
2.98071361
0.04840571
1.66601837
1.33048630
2.00387096
0.07420094
-0.02165830
0.31765446
-0.00325391
1.30616224
0.06380332
0.06645998
2.31801581
0.03779563
-0.01191875
0.00415958
2.51369548
2.53325987
0.13733992
2.86323524
0.06527317
-0.01322811
0.07949360
0.04882232
-0.05398781
0.10925552
0.14962094
1.06580639
2.73467064
1.35195410
0.08631065
0.04265189
2.29106617
2.44499969
-0.09058149
0.07280536
2.23225522
1.73998702
1.49134648
0.02017171
2.12350011
3.45289898
0.07806313
-0.01525852
2.04973555
1.20062053
0.05026237
2.68877769
2.56313562
1.37805986
0.02934023
0.06195049
0.05666159
2.44417834
2.03132105
-0.00814241
-0.01358237
0.03533174
0.05344034
0.14929248
0.06241202
0.01350095
0.11126573
0.16374475
0.80072296
2.58630109
0.92524821
0.10375687
0.15065572
2.19639921
2.26335812
2.63719344
2.27592587
1.65135241
0.03278602
0.04221238
2.73154330
-0.01087554
3.04245687
0.12579361
0.11720007
0.95570832
0.35182354
-0.04126673
2.23039126
0.09563437
2.21753716
0.03142560
0.00672286
0.11294568
0.05262098
2.13206697
0.82828337
0.05266033
1.52994645
2.78156352
2.18311191
0.16707774
0.01744574
0.14488767
0.02788760
0.07021899
0.05365060
1.27639818
1.93847835
-0.02083271
1.80249918
2.02299452
0.79573905
0.08703645
0.16353120
0.05511203
1.00164175
0.02391703
0.12874520
2.17139196
1.79146326
0.19838716
2.66000581
0.07628931
2.75737500
0.10680407
2.33828998
0.06654494
0.20906581
0.09152201
1.58919334
0.03783449
0.01608522
0.03860678
0.79175329
0.10475595
1.89955890
0.07832431
2.44357395
0.07232484
0.02558113
2.31551647
0.10513069
0.15050973
-0.08703800
2.22845006
0.05708794
1.42256629
0.01938451
0.23919694
0.57303542
0.04741530
0.06271566
0.03023759
-0.00268973
0.13208310
2.40983272
0.00164937
2.93572354
1.16323805
0.34223256
0.09030429
0.00237666
0.21070434
1.37062883
1.85373247
2.25261950
2.13954616
2.34636354
0.05097279
1.73682868
1.92638338
0.00013335
1.45878184
1.26962698
1.53920007
2.01336050
0.64255649
0.09986117
1.96208930
2.46604753
2.66580486
1.67714226
0.19814602
2.43027759
1.11028409
0.12874557
0.07280952
0.07451146
-0.00024712
2.25625372
1.47807348
-0.01883335
0.02396208
1.50395703
-0.01068904
1.86178291
2.73635960
0.03931149
0.30143318
0.08344322
2.53493786
0.10337668
0.10749208
0.98214805
1.93593740
2.32891583
0.04672495
0.03393003
0.08526953
0.85391206
2.97045732
1.63540816
0.12302376
2.51803803
1.39590335
0.17148133
0.00596284
0.68121165
0.04582769
1.96734524
0.00857217
0.10578812
0.08588158
0.08395587
0.15987271
2.00244713
0.06661133
0.11760492
0.06576215
0.08532103
2.31978369
2.56391239
1.36224484
1.16327822
2.41076660
2.47475100
-0.06071994
0.34668806
2.51269007
1.44118345
0.03079167
0.15469143
-0.04825952
2.18354821
0.06140316
0.10201878
1.92153144
-0.04746240
2.21222186
0.98571956
1.62267220
0.78143007
0.04648837
1.03735590
2.76096320
2.91798067
2.65946341
0.18435039
1.46417415
0.10052914
0.01391888
0.07366999
0.04558301
0.90307838
0.08085008
0.18453388
0.02855727
0.12685990
-0.06615441
2.93287301
2.23983192
1.94314182
1.85929751
1.71211207
0.01179384
0.02815974
0.05216965
0.04012503
1.38253200
0.00337115
0.96468133
1.89694595
2.20475268
0.16788606
2.35564303
0.10024113
0.08822497
0.82334727
-0.00726159
1.10413921
0.04024749
2.38072395
0.13647546
2.75608063
-0.03356488
0.37955379
2.02683353
0.06892017
0.00806960
0.19041024
0.07553393
2.04893970
1.84509754
1.71103334
0.04702326
2.52613902
0.03055696
0.05024943
1.97250009
0.07623102
0.72357225
0.13602097
1.77815902
0.05292625
0.01536362
0.03761748
0.11681698
0.10089658
0.00251148
2.71906686
0.12703834
0.11551873
0.36906421
1.35450864
0.83592844
0.03024460
0.02793282
0.00256781
0.05621362
0.11274403
0.10149292
0.00981814
2.26246715
0.03479556
0.07079816
0.11701255
2.01202011
0.14720793
2.17450023
0.12922226
0.25729012
0.82498443
1.64773190
0.02946154
0.06859376
2.61850929
0.11400878
0.17688605
0.09999651
0.06057316
0.06517585
0.04196492
0.04020756
0.04634952
2.29402494
2.36681557
0.05052942
1.36544943
2.53487158
0.36248234
0.04783726
1.12682533
2.74994683
0.07826834
1.70730448
2.54330039
1.51885974
0.03800786
0.04032684
0.05126525
0.27266377
0.28955141
2.38821411
0.06887341
2.02132392
2.33136749
1.54685974
-0.02394404
1.97536492
0.03589721
0.27526021
0.03197826
2.74133897
0.14915618
2.36665726
0.93397814
0.01964365
2.22782493
1.47770417
1.83260834
2.61690497
2.67426062
0.08358895
2.74892569
0.14116575
2.09783149
1.44485164
2.44283438
0.98888141
-0.01336765
0.03687703
0.16533388
2.02697229
2.32047105
2.38003993
0.06515326
0.06149812
0.26143324
0.00458222
0.03947734
1.59009278
1.86271644
1.74259377
2.43106532
2.10957980
0.04011432
0.96820760
0.11275055
1.00194311
0.03586007
0.13901402
0.06717855
2.23392510
2.34689283
0.06553493
0.01279914
1.81067145
0.05811017
0.07101563
0.06663794
3.14591575
0.02405422
1.55324399
2.37128520
1.12105715
2.26454067
2.09114075
2.73003268
0.05839407
0.06266742
0.18355235
0.05956151
1.97324347
1.22840929
0.07210328
0.05740187
-0.13102520
0.04915493
2.46112800
1.34576595
2.41527081
2.93850183
2.05890846
0.18424867
2.27480555
-0.02400787
0.00972498
2.84468198
1.52380931
0.05952299
1.12526011
1.89743936
1.56268573
2.77322245
0.69228828
0.03869896
0.07847874
2.44526482
0.05799823
1.67845130
0.01064884
0.09048731
1.99071348
0.06927320
1.32871318
0.01845591
0.00256142
1.25530374
2.63631344
2.23777676
2.70059848
1.83280849
0.06035313
0.05397667
-0.03045267
2.58683181
2.49542975
1.65611339
0.05583242
-0.01505120
0.15888576
-0.03737630
0.07837029
0.09068234
-0.03130910
2.31095576
0.10569742
0.14766137
0.07550050
0.04639043
1.70156538
1.48529565
0.06806992
0.11509549
0.03647410
0.09163810
2.27588511
0.91872036
0.09119622
2.15915346
0.02521371
0.65313292
2.17418528
1.88762343
1.07156169
0.04831252
0.00451812
0.14133838
0.22086699
0.06000792
0.03776447
1.32930577
3.03251100
1.68680966
2.39736485
0.16045393
-0.07810260
0.16065323
0.05466217
0.07361363
0.14440106
0.04661228
2.12367415
0.04262700
0.01820216
2.06911135
2.28060031
2.40670800
3.14374852
0.16563204
2.34641433
0.06355278
1.60151541
0.10631913
0.11104480
2.82188845
2.28877473
-0.01509253
0.16812953
0.03820905
1.62174857
0.04637096
2.73286366
2.58332753
1.85852611
0.10730133
2.56151891
0.86989450
0.70842808
0.02051828
0.08777639
2.34435725
1.49414706
0.08800723
0.12563710
1.05552149
0.15971115
-0.00334128
1.57746816
-0.10207029
0.11112051
1.89158571
0.52252698
0.08669452
0.06700946
0.94113058
-0.04560646
0.05808170
-0.03034748
0.02061521
0.47180122
0.05163193
-0.00603148
0.06222735
2.00471759
2.05059958
1.95184708
2.04628062
2.60514712
0.09397253
2.07063222
-0.00280851
0.07672394
-0.02470394
0.13490838
0.14134184
0.29032597
2.41872287
2.00997329
0.03778039
0.43661505
0.02300414
2.49978495
0.15860504
2.14354348
0.11799587
0.18925147
0.79165697
0.03262905
1.33026147
1.33797467
2.55268908
2.41564870
-0.00349861
0.09035457
1.94736183
2.34821391
0.02105183
2.54933047
0.94766742
1.95682847
0.12320208
2.20039845
3.01029158
2.53014278
1.88237214
0.09611570
0.03619251
0.01768731
2.91507483
-0.02040093
-0.01737446
-0.04535796
1.65103495
0.04142250
2.43728685
2.51834655
0.03867710
2.79102039
1.68854213
0.03779437
0.04109613
0.03815347
1.87705767
1.90781415
1.72400689
0.17812963
-0.05028939
0.08764856
2.44297218
-0.03205000
0.07486957
2.57960582
1.43407035
2.22714782
0.88849294
1.97639990
1.94079351
0.00722203
0.09674914
1.31176555
1.17882156
0.44295830
0.17636155
0.88207799
1.78725708
0.07015084
2.41577172
1.69467175
0.08829649
0.00954196
0.02034707
0.03070872
0.09754553
2.02779365
0.09309527
0.53311938
0.03843944
0.74130839
0.16111499
1.92413378
1.92574787
2.95027709
0.03725868
0.17633826
2.19812512
0.79156625
-0.03787084
-0.03046641
1.45960045
-0.02218212
-0.00198794
3.04209423
0.11886853
0.07410921
0.09337656
0.16275766
0.07397283
1.78410161
0.05503673
0.05466927
3.61427450
0.09359235
0.05603422
0.49765453
0.07901633
0.17588344
0.01195041
0.17732246
1.30945516
2.81254220
0.13278666
2.35517406
0.06898170
0.01057812
1.61905813
0.11400119
0.22064549
1.90748107
0.04762503
2.74430370
2.50461793
2.08949780
0.13966607
0.38828811
1.72120273
2.73570585
0.04903878
1.02158785
1.71231318
0.01284633
0.14116393
0.08375439
1.41958261
2.08373570
2.59383059
2.56264091
2.39601350
1.96703255
1.19660115
1.32341850
1.57578313
1.94931471
2.36070418
0.29161596
1.27589846
1.96780181
0.08959156
0.07345838
0.02580651
-0.02603040
0.08872438
0.17814839
2.63428664
0.08080179
0.04520129
0.27776441
2.50838089
0.05553216
2.35729003
1.97752297
0.00971389
0.01936429
2.01373839
2.17777777
1.29991603
0.03220635
2.08419824
0.06620323
1.50491953
1.49146354
2.17625165
0.48750114
0.77662039
1.18773842
3.03429484
1.93964458
3.05007148
2.56295705
0.10411491
0.09695785
0.15206534
0.25855228
3.70441008
0.67090690
0.13476530
0.16989718
-0.03831435
0.06087892
3.12588358
0.02232755
-0.03404948
1.34652221
0.01295465
0.09473150
2.53607202
0.02146800
-0.02851833
-0.02116213
0.97581643
1.21814108
-0.01647505
0.14019810
2.23692775
2.07502890
0.21406858
2.53019905
0.05157580
0.00632098
1.16671014
0.09433425
0.05219981
0.08969508
3.02166343
0.17983581
0.08290763
0.07111203
0.15556440
0.38494027
2.50444174
0.30216891
0.01216519
2.63252974
1.71809745
2.81450915
0.11132223
0.03189505
0.07076091
-0.02492889
0.04740926
0.08619603
0.83907163
2.57186913
1.51638699
0.01901702
-0.08662045
0.04023948
0.16291824
2.17049527
0.04515521
0.04880026
0.09363639
0.06311709
0.97429502
0.10431101
2.04116273
0.03296664
1.77995145
2.78877234
0.07335542
0.72146875
2.52780628
0.71140015
1.68867695
3.01603007
2.92750192
0.06765863
0.07203299
0.00260263
-0.00597719
-0.00293682
0.23141623
2.06431627
0.02548867
0.12046887
0.05210754
1.97929227
0.03854470
-0.06833776
0.98167521
2.08625078
1.65060604
1.59722185
0.12221036
0.01095938
2.16834188
0.07358265
0.07729329
0.01888625
1.00297666
2.60314918
1.64707017
3.38382125
3.47947359
0.16777201
0.06757727
0.06685656
0.09275500
1.60791171
0.00118102
1.87766278
2.26469135
0.09340803
0.01401183
0.13604818
2.34155536
1.37998593
0.03514493
0.06906789
-0.02890059
0.12948133
-0.01138166
0.08039017
-0.01478656
0.01088601
2.25694919
0.08285965
1.43623292
1.57917392
2.19844294
0.83989394
1.57097232
0.03226405
0.00840190
2.73006248
0.16612037
-0.00623828
2.13389707
-0.00592781
1.62096429
2.15193558
0.07047077
2.20896983
0.09306990
1.87085211
2.05855322
-0.01298439
1.25214553
0.10846332
2.14319348
0.06190655
1.11896324
0.08466921
2.00264740
0.09863290
1.82175839
3.05986643
0.08246098
0.07143748
1.25098228
0.71612215
0.04338055
0.06502556
0.02239768
1.84445655
1.88505912
0.04596690
2.46653056
0.03992993
0.07127438
0.03617052
0.01333897
0.09889274
2.30112123
1.00673223
1.60694385
0.04278716
0.08776454
0.05941418
1.30006123
2.35205889
0.11713039
0.15764381
0.09275305
1.09445596
-0.00863721
3.09439754
0.04643812
0.00117128
2.40776014
-0.02153389
0.00525042
1.80423796
0.13956325
0.91091412
3.03216600
0.34583589
2.11728430
0.08507930
0.14859568
2.18237185
2.24980855
2.39544272
2.09506178
2.16522694
0.77819306
0.07169731
1.87855113
0.21970062
0.10606627
2.63235021
2.06081176
2.65524793
0.11404482
0.00385963
0.06369578
1.29572427
1.52913165
2.34377575
0.04923463
3.44463491
2.12501740
0.02225370
1.38502324
0.23134378
0.00575028
0.08744132
0.07081801
0.26223317
0.04894046
-0.00195278
2.92494774
0.02635140
-0.04216887
1.04368913
-0.05618941
0.71987391
0.02468338
2.44029093
0.09404234
0.09026878
2.20645976
0.02443058
0.05879041
-0.00567599
0.02632271
2.66526008
0.11460754
0.03389389
0.07619844
1.27355933
2.17109632
1.27866352
0.03534745
0.00872788
0.02656030
0.13326317
1.92886519
1.42117739
0.10060036
0.07058746
0.03783751
0.03007699
0.05960413
0.10126140
0.83202332
2.57725668
1.73124862
0.96057695
0.02073966
0.07010367
0.06023039
1.07615495
1.82770586
2.14103079
0.12535153
1.13462079
1.55779696
1.74178612
1.56313002
0.09540904
0.05089888
0.04430354
0.51395965
0.09611984
2.29385900
1.03140843
3.59937572
2.59013271
1.43380284
0.10567439
1.68012965
2.14440012
2.87951183
2.57678366
1.59022355
0.10989625
0.09878792
0.14022608
0.11148194
2.42253780
-0.00274020
0.01769479
0.04959729
2.88677526
0.56782889
2.78766489
2.68886614
0.08850101
0.12356248
-0.03002645
1.83316243
2.01459336
0.13638240
0.02358921
0.29059359
0.07967190
1.77669537
2.41341233
0.00220908
1.84766877
0.83945620
0.11383922
0.00446303
1.19876814
0.11988898
0.02220893
0.11475874
0.02576186
-0.03629535
0.00938217
1.89020133
2.61589766
2.57461333
2.34849429
1.46308339
2.11883759
0.11438255
0.05783758
0.06799585
2.63908100
2.00392842
0.81873775
0.04278696
1.17359471
0.16189902
0.04444249
0.05307408
0.02046428
2.98601747
1.87016523
2.25862193
0.00155346
-0.00228972
0.02786419
2.68567300
0.02913995
0.05870378
0.05176528
0.05329958
3.26601815
-0.06805008
2.15749478
0.04196453
2.02198029
0.15982135
0.14074685
1.20729733
0.29601583
2.58815885
0.20340098
0.07366871
0.10608981
2.20123839
0.10851875
0.06672132
0.02151348
0.09844510
1.25808346
0.06547351
-0.00435167
1.88221455
0.00677826
2.15497136
0.13183539
0.00493599
1.60090315
0.06606467
1.60358918
0.07263808
0.00535160
0.05950912
0.08778839
1.11086965
0.08883133
2.48608494
0.02819647
1.51514208
0.11334776
0.04612609
-0.00574800
0.02039380
3.13041019
2.48654723
0.05658912
-0.03185392
0.04971126
0.03798865
2.36313295
2.69392824
0.01604896
3.25469685
0.01095501
0.05144007
0.03141772
1.79215741
2.19154429
2.42516494
0.10439023
0.14829950
0.04213163
1.19160318
2.05643106
3.17257190
0.00585279
1.95127738
2.26206779
2.34999180
0.09443203
2.81398511
1.79531991
2.23416662
2.51084089
0.00834345
0.06866493
0.10203844
2.72244310
2.14962745
0.13374849
1.15570688
1.63820875
1.62676048
0.08850765
0.06569991
0.06311351
-0.11069476
1.19716322
0.02895845
-0.01416129
0.03913554
0.06416114
0.79512173
0.01628996
0.07655185
1.84414935
-0.02470630
0.07955196
1.32170331
0.87002087
0.11018771
0.02746738
1.96491396
-0.04788604
2.34113097
1.71053243
2.69902158
0.06293169
2.39269924
0.01745944
1.64076233
0.06805424
0.03504612
1.72179317
1.87588310
0.06288808
0.06725131
1.69184971
0.02560344
0.01876955
0.12647946
0.20647141
0.02633531
2.00095391
2.49811530
0.00171471
0.12088182
0.02201019
0.05582532
0.06703419
0.03240340
2.85622859
1.45800257
3.02026248
0.08338309
-0.00370743
0.20525500
0.31854594
0.15774964
0.48001006
0.10014991
0.15363006
1.49088609
2.65730429
0.07984719
2.42342257
1.02419925
0.03746122
2.40488386
0.05839105
0.01175331
0.07099392
0.01692481
0.02472876
0.12442863
2.16853452
0.07829960
2.72973561
2.30417800
2.20980167
0.96846056
1.37638700
0.03121359
0.08004731
1.59119380
2.21321368
0.10414638
0.07844814
0.01211197
2.09818339
1.80028546
0.37898377
2.26149774
2.61101198
-0.01344600
0.08767860
0.05747289
1.83638966
1.35930872
0.34680566
1.81863725
0.09105252
0.10225814
2.08104396
0.67327237
0.98651797
0.06523941
0.08859881
2.00670838
3.20538497
0.10560144
1.70668316
2.25571322
0.08148347
0.05774991
2.81969142
2.38199401
0.10282799
2.36876988
2.68115854
0.05247189
2.18371797
-0.00521749
0.03588182
2.50190091
-0.01032316
1.82842314
2.95836854
2.92722607
0.04466477
-0.00960074
2.27403235
2.21688962
0.26628110
1.58930409
0.02055710
1.93739343
0.38643348
0.18436457
-0.03572136
0.57678491
-0.00553268
3.39750981
2.33196187
0.09028487
0.01539905
0.04898040
0.16214305
2.31888437
2.65712523
0.68855786
0.01388645
0.12463447
0.11378226
0.16979373
2.53816438
0.01038745
0.01220957
0.75741291
1.51210475
0.10450365
2.38204145
0.01878210
0.07328851
0.05054254
0.01419619
-0.06759138
2.01519871
2.69693685
1.66216397
0.09850953
0.07709566
2.16489720
1.08789885
0.01941205
0.14420210
0.02845603
1.47475266
0.07852536
0.02546287
1.20791852
0.06893981
0.08940136
-0.02024583
0.02788428
1.17395377
2.19735622
2.41603470
1.16840780
0.34040457
1.12049663
0.01396092
0.03295721
0.06775384
0.52273059
0.10541728
0.58785492
2.59077621
2.75205922
0.04438308
0.60294908
0.09285673
-0.03224267
0.03349950
2.32097054
0.06213098
0.00191928
1.50623620
0.09219797
2.32910490
1.97371411
2.09054875
0.05304766
2.36949515
0.01838727
1.54432285
0.87270945
2.04049110
1.86613572
0.05273676
0.12464198
1.77529621
0.03987421
1.86701715
0.01014409
1.94656110
1.87452590
1.92532969
0.07459949
1.20412254
0.04061133
0.02507499
0.90624011
0.03990594
1.67472494
0.19795248
2.21940756
2.24659586
0.09630391
-0.01396171
1.81504428
2.55605364
0.22170120
0.02699330
-0.00803842
1.60487819
0.02862185
1.57011032
0.63209796
0.01200286
0.02162564
0.21864945
1.84235895
0.08347330
3.08069324
2.49825644
0.08786529
1.72382033
-0.00792999
1.41425371
1.56362462
0.09263719
0.29019743
0.11274328
1.62497532
0.03625543
2.43421125
0.06402761
0.01124877
1.73750591
3.00611615
0.10101797
2.23180866
0.07876590
-0.06097020
0.00332742
0.21687649
2.01781130
2.21085954
-0.02374106
0.08996345
0.18479085
-0.02985527
2.93246126
0.03123151
0.10489589
2.78366852
0.44539452
3.52712512
2.85003185
0.01741935
0.04915019
0.10296848
0.02224795
1.72637999
0.08559474
0.10950734
0.65149742
0.02071528
1.31740367
1.62201524
0.02355478
0.07119226
0.17959341
0.04820228
0.41077814
1.03385651
0.14435357
2.63772845
2.84864664
2.20072269
-0.01110267
1.96783710
0.24908476
2.29557014
0.05257450
0.04600668
2.41939187
2.47008324
1.89038181
0.04032555
1.51085114
0.03545260
0.02982504
2.55386496
1.12720406
-0.05796650
2.38679957
0.09376476
0.04814686
1.62251937
2.57221198
0.94029135
2.90474105
1.02693474
1.27961922
0.13622598
0.03978899
2.95652771
0.15462379
0.04441059
0.94757026
2.51709867
1.75261486
0.17791145
1.40780163
1.86243248
1.98768866
0.01371365
0.05368476
0.23535247
2.29361749
0.07087654
1.59859025
0.01054476
1.62488759
0.05941460
0.35492748
2.45031714
1.72018552
1.06370246
1.23535717
0.02348270
0.61077017
0.91648036
0.15474047
-0.04254548
2.31636882
2.08479023
2.03876734
2.74366689
0.03712761
0.11982968
0.06797438
0.06920564
0.09556650
1.17782497
0.03137818
0.12090611
2.97217488
0.02671454
0.05888740
0.12034500
0.05398316
-0.01074576
1.43393099
-0.00120630
0.49168020
0.06955957
0.06898201
-0.00728900
2.28096509
1.67741239
1.83842504
2.31818295
0.01606886
1.92453539
-0.04086687
0.03510103
0.07976005
2.64442921
0.27650034
2.26807904
2.37943554
0.03077771
0.03455148
0.04903195
-0.06941573
0.03068278
0.00667544
0.08429538
0.06654755
0.01053511
2.20388603
-0.01954985
1.25007904
0.07521494
3.18684292
1.95760047
1.70592749
0.41434032
0.16791658
1.35155714
0.29831505
1.67580891
0.08114607
2.10364580
-0.01195067
-0.00007303
0.07605518
0.07299818
0.04654321
2.90613222
0.13599887
0.18184882
0.17471050
-0.00574386
0.62400317
2.36381102
0.11989692
0.91931754
2.79601264
2.63950253
2.74452257
0.06489588
0.05621468
-0.00006256
1.44385707
1.54302192
-0.01695692
0.06034854
2.60712457
0.14066716
0.04595847
0.14143561
-0.05856952
0.09165978
3.23475051
1.26005507
0.07575879
0.03083428
1.68069196
-0.01345110
1.72460234
0.08679592
0.60752010
-0.00116163
2.98423028
0.07657600
0.22048201
0.06501301
2.73151851
1.77221406
-0.09199587
1.63254702
2.92468524
0.06662045
0.01781587
0.10611343
-0.03432338
2.37613511
0.03315298
1.13457978
0.05594895
2.72217083
0.40020049
1.41276419
0.25874212
1.69728279
0.06525648
0.06514572
-0.00403079
2.43105793
-0.00326845
0.28906915
1.65279818
0.09261388
0.07350532
0.10097371
0.11520265
3.39180231
2.14198995
1.36826193
2.63285565
3.09843922
0.06285176
0.02866004
0.05183443
0.15241638
2.00687623
1.64396000
1.39549875
2.48048496
2.11945057
0.02011544
0.13284430
0.07189913
2.55760765
0.10671803
0.74929518
0.07960096
0.00999828
2.29970956
2.76052690
1.94231999
2.29337764
0.00063063
2.74914789
0.05509405
0.06930881
-0.01726796
-0.01999650
1.92656994
0.06984311
0.05776599
2.07297063
0.09223209
0.54554051
0.14470471
0.00823560
1.05254972
1.57408583
2.55791783
1.43547881
1.97626865
0.25641671
0.04355632
0.20645903
0.01216307
0.08690646
0.05404929
1.61321354
1.77895427
1.02825749
1.90593421
1.29481483
1.70169890
2.07588100
0.05897538
0.09266806
0.06218641
0.03777459
2.08281350
3.13177824
2.75797033
1.91663671
2.26977944
2.40490508
0.06345936
1.82669485
1.85105050
0.11539434
0.18129826
1.92305982
0.41613382
0.09698466
1.34528792
2.27462387
-0.01368654
2.10730624
0.13521858
1.91683066
1.29896414
0.03537311
0.08750791
0.03359742
0.03807428
1.86944723
2.00902653
2.25653434
0.14458606
0.12126614
0.01243726
0.07395913
0.07805639
0.05649280
0.01032286
0.08197883
0.05388829
0.01495294
1.24606514
0.76291972
0.14699908
1.69611800
-0.02256076
2.22653747
2.47840476
0.03047093
1.27138114
0.07156769
-0.00447593
0.23737459
0.06556628
2.55991983
0.61311537
0.04601711
2.64456797
2.98489380
-0.01164235
-0.01114926
0.07559227
0.07315334
0.01313511
0.04067565
0.84854710
0.51956803
0.29668334
0.01590139
1.24542320
1.00601304
0.18209253
1.76092064
0.02490798
1.26143658
2.33332157
0.09047435
-0.04512530
2.45297313
0.11468037
2.47077036
1.85782290
0.01544545
1.76363027
1.04059100
0.06213694
0.03122602
0.03622454
-0.08145617
0.98240453
1.34450173
-0.00579315
2.69360542
0.18159871
2.59918499
1.47335613
2.34903097
0.06054343
0.05156351
1.68373573
0.05368394
1.62164545
0.10842729
2.54868197
-0.03577405
0.08143069
0.90692466
0.08958587
0.14588657
-0.00115286
0.07862151
-0.01640018
0.07010236
-0.04392215
-0.00631710
1.37534130
0.09206762
-0.02192313
2.19087505
0.29525355
0.03949366
0.00664093
0.00929178
1.63361347
0.05759968
2.81377435
1.09705520
0.04231984
2.17200446
2.17816067
0.03722734
0.14294502
2.46892262
0.05396814
0.09648845
0.09905837
0.02725244
0.05218747
1.72007823
2.40036011
2.77656102
0.07114516
3.53492308
0.08528640
2.40710640
0.18023413
3.09679770
2.27237225
1.62548721
2.34009981
2.02212572
1.39540017
0.16152552
0.05794087
2.01286077
0.07615060
0.00172863
2.75970697
1.65354145
1.34102416
0.09368669
2.37517476
2.44113350
0.05286739
1.73038101
0.03343265
1.59086859
0.04879618
0.03789015
2.72735715
0.04873131
1.56520081
0.88521385
2.62669468
2.04867291
0.04541639
1.47170436
0.07105082
2.67754841
1.52024162
0.09740578
1.45686746
2.37908435
0.66852498
0.13471445
2.32972813
2.23036432
2.67083049
0.22310744
0.08460029
0.05258887
0.09182126
2.27095222
2.89246726
0.06380913
2.77846909
0.19035190
0.04129398
2.37209463
-0.00078601
0.01716793
0.71779829
2.47322202
0.02815884
0.03350160
-0.06902684
0.06347610
0.00463619
0.07997123
0.74737597
2.21945953
1.84543669
1.56633472
1.14201570
0.06458986
0.07273076
1.05523789
2.24816155
0.19470115
0.15601094
1.63415182
2.48058367
0.75425053
0.27410144
2.27214599
0.05437968
0.00597944
0.38486764
-0.00748636
0.08581343
0.06137131
0.34761450
1.75382960
2.40231776
-0.05883127
2.62757492
0.04306064
3.00650764
0.05175147
1.37900615
0.03482464
1.95489538
-0.02056957
1.44919527
0.17990564
0.16236430
1.77436423
1.57570493
2.03262615
0.02849758
3.31593728
1.75171137
0.21686921
0.15440620
2.31796503
2.87863708
0.08926152
1.15818882
0.01957051
0.07440960
2.60055685
1.26487064
1.63614976
2.44248748
1.66403806
0.10635879
0.08737667
0.12594783
2.19383454
2.85429358
0.07778829
0.22320680
0.07959735
1.37483001
1.09725845
0.05434813
2.90485620
2.02068877
0.97966087
2.72756243
0.18475188
0.68296546
0.16091189
2.09775472
-0.08891051
0.00897972
0.08536965
2.25005651
2.38273287
0.13734502
1.22452903
2.76480174
1.08587599
1.01904988
0.05392075
0.00949653
1.16539776
0.15480404
2.23335743
-0.00056540
1.37059259
0.98231608
0.12733205
0.31389946
2.29381275
1.37938070
-0.00631221
0.05441001
0.10273788
0.12181871
0.07048430
2.81685090
3.24343824
2.40482450
1.33212817
1.69985306
2.24734211
1.48426962
0.05212615
0.19237868
0.07407100
1.55171454
2.18544054
2.46106911
3.46689558
0.52778190
2.22438097
0.15024610
1.73268700
2.12023449
0.06191634
0.15159915
0.06611044
1.23775458
0.04649056
1.26622498
0.05421364
0.06889912
0.14444155
2.59044743
3.16850090
0.87293929
0.01935467
0.73315638
0.80472344
0.14693597
0.15577619
3.08403373
0.19516686
0.04783659
1.79167128
0.07971441
0.02644846
1.03627455
2.35208941
1.89552140
0.92348671
0.07238872
2.51897287
0.08431467
0.12606512
-0.01829994
0.03666086
1.98640871
0.65165669
1.97551477
1.68067074
1.98403072
2.68279600
1.91854155
1.72094262
1.99420643
-0.00010793
0.01927743
0.04294621
0.09443601
2.45536995
0.97613955
-0.00446107
1.35319722
2.49192023
1.87494838
1.57736957
-0.02681448
2.50632882
2.07322788
0.11985837
0.03318843
0.10092627
0.03641837
0.16074279
0.52748573
0.07302371
2.40681458
0.10916249
3.24358058
1.24579501
0.07405399
0.09446856
0.01743805
0.03953332
2.14864874
2.81036067
0.10913430
0.04949513
0.38908914
2.56407905
-0.00106300
1.46035600
1.73023832
0.00766459
2.39023972
0.05450555
-0.07019900
0.12418552
1.28419042
-0.00258646
0.11462502
0.25438675
0.01073843
2.76123381
0.05176550
2.41686964
1.46883810
1.79452968
0.02422192
2.67147470
1.66821778
0.03592300
0.70010537
-0.01714249
0.33049747
0.04554561
2.11030579
0.13129720
0.10544006
0.17387611
2.69024634
0.92041868
2.20124149
2.38850880
0.02433652
0.01273522
0.10391302
0.20247127
1.10246170
1.32216477
2.54753280
-0.00398105
0.03184587
0.01628904
1.40098417
2.31981444
0.02645033
0.03461300
0.11355317
0.04857177
2.63951755
-0.02282668
0.05557088
1.84501088
1.62659788
0.87885594
-0.04720885
1.87596476
3.00068879
0.10427611
0.08405039
0.07761803
0.08763130
0.09961151
0.11808300
1.65720713
0.01258627
2.03479171
1.88884580
0.01487140
2.67152047
0.04292363
2.39900756
0.03642245
0.02363731
2.58006048
0.04841472
-0.00926090
1.98548424
0.09362407
2.17286158
1.76091719
2.88908887
2.10149479
0.04815030
0.03961792
1.12599480
0.17061080
0.07310607
0.25759029
2.73659992
2.65312362
1.28008211
0.11992984
0.04293761
0.05670386
2.05114508
1.51560152
0.14431579
0.00561587
-0.00292010
0.09840946
1.80753398
2.46277738
2.29631591
0.03183405
1.29831016
0.01935287
0.09783165
0.11538532
0.57178771
2.59502912
1.79179227
0.08554782
0.05797180
2.97185183
1.67922258
0.12388707
2.32891631
0.10009157
0.06058232
0.00285124
0.02543216
2.58694053
0.08714186
2.51231718
0.04359359
1.93921649
1.96022892
0.08305074
0.08997700
0.08434176
0.04074255
1.84959769
3.13163948
0.00902526
0.03892672
2.22404456
0.93427986
1.91670847
0.06276318
2.24120498
-0.10291017
1.42144477
0.01434428
0.37676385
0.13012801
0.06946907
0.02420596
0.01402471
0.09371752
2.84112883
2.57985401
-0.02435894
0.00791708
2.41984820
-0.01848869
1.40909982
2.71099997
0.08492370
0.16109061
-0.02712913
3.28439760
1.23046327
1.07811224
2.33472133
2.38662195
1.97539890
1.34824502
0.08522403
1.48617685
1.51922023
1.84915662
0.03144188
0.87532103
1.77339506
0.06396785
0.14127980
0.01770447
2.58979630
0.04048231
0.14637202
2.25651646
3.13093662
1.55593610
1.76722491
2.07160902
0.09799981
0.02293289
0.21597280
0.09520648
-0.00854475
0.20363903
1.80582011
0.08068797
2.09661841
2.17689657
2.17701340
0.12686944
0.01710681
0.11164626
0.72148204
0.10075737
0.10233497
0.07090585
0.09589109
1.48003232
0.06712182
1.57658613
0.86709446
1.46701753
2.33731818
-0.04613271
2.30312610
0.00063353
0.08403413
3.03989911
1.84217525
0.40226948
0.08938751
1.54768312
1.02662098
0.48320079
1.40408611
2.11612225
2.15143061
2.74143434
1.72244835
1.50777590
0.06412246
3.13932371
1.94389689
-0.02628163
1.15932322
1.58785629
