2.886719
0.050781
0.105469
1.441406
1.902344
-0.082031
0.062500
0.039062
1.937500
2.394531
1.703125
-0.003906
2.734375
0.101562
0.199219
1.363281
0.101562
0.093750
0.191406
0.007812
0.027344
0.023438
0.101562
0.101562
0.093750
0.058594
1.894531
0.128906
2.585938
1.382812
0.093750
2.128906
2.363281
0.035156
2.808594
1.734375
0.281250
2.910156
1.687500
1.972656
0.355469
0.097656
0.101562
1.421875
3.019531
0.066406
2.074219
1.578125
0.125000
1.828125
3.074219
0.113281
0.304688
0.113281
1.226562
0.847656
0.027344
0.089844
0.074219
0.128906
0.199219
0.074219
1.902344
2.328125
2.382812
1.308594
2.679688
0.109375
1.082031
2.855469
2.703125
-0.023438
0.136719
1.398438
2.042969
0.085938
0.183594
2.375000
1.933594
1.277344
0.019531
0.117188
0.128906
0.921875
2.515625
0.203125
0.039062
2.027344
0.003906
0.093750
2.550781
0.062500
0.777344
0.058594
2.039062
2.277344
1.492188
0.101562
0.113281
2.820312
-0.039062
2.535156
2.152344
0.117188
0.140625
-0.011719
1.937500
0.085938
0.070312
-0.007812
1.519531
0.000000
2.156250
0.062500
0.117188
0.062500
1.203125
0.972656
2.410156
-0.027344
0.031250
0.097656
0.140625
1.625000
2.750000
1.480469
1.265625
0.527344
0.050781
0.066406
1.953125
2.988281
0.054688
0.121094
2.476562
0.062500
1.824219
0.148438
2.933594
0.218750
0.066406
1.554688
-0.039062
2.761719
2.742188
0.054688
0.082031
0.058594
3.144531
1.675781
0.171875
-0.019531
1.554688
0.105469
1.402344
-0.027344
2.300781
2.234375
0.738281
1.554688
0.066406
0.085938
2.390625
0.007812
0.089844
1.675781
1.976562
1.613281
-0.003906
2.015625
2.019531
2.726562
0.015625
0.015625
0.003906
0.042969
1.628906
0.015625
0.050781
2.277344
2.300781
1.648438
-0.031250
-0.027344
0.144531
-0.003906
1.812500
2.035156
0.046875
2.207031
1.785156
0.054688
0.085938
1.128906
0.871094
2.605469
3.246094
1.386719
0.019531
1.066406
2.238281
0.078125
2.535156
1.753906
2.484375
1.183594
0.382812
0.097656
0.066406
0.074219
1.257812
1.257812
1.433594
0.644531
1.847656
2.636719
1.390625
0.082031
-0.109375
0.097656
-0.019531
0.050781
1.121094
0.878906
0.132812
0.089844
2.113281
1.453125
2.167969
0.773438
0.031250
2.562500
1.070312
1.906250
2.914062
0.070312
0.066406
0.054688
2.664062
0.000000
2.867188
0.019531
0.863281
0.839844
1.476562
0.097656
2.078125
2.535156
2.300781
-0.031250
1.832031
0.066406
0.097656
2.582031
1.328125
2.496094
0.121094
1.882812
2.527344
1.585938
1.550781
0.109375
0.074219
0.007812
0.011719
0.019531
1.761719
0.140625
2.394531
1.707031
1.363281
-0.054688
2.261719
1.847656
2.011719
2.375000
2.148438
0.136719
0.046875
0.023438
0.070312
0.164062
1.878906
2.570312
2.660156
0.042969
0.054688
-0.003906
0.808594
-0.070312
1.699219
-0.042969
-0.003906
1.214844
1.699219
2.191406
2.632812
2.843750
2.117188
0.105469
2.410156
0.152344
0.207031
1.750000
1.734375
2.265625
0.152344
2.246094
1.468750
0.000000
0.015625
0.039062
-0.058594
2.042969
3.203125
1.421875
0.109375
0.058594
0.070312
-0.003906
2.167969
0.074219
-0.058594
0.062500
0.062500
2.257812
2.964844
2.937500
2.429688
1.410156
0.027344
3.199219
2.234375
0.023438
0.062500
1.308594
1.808594
-0.050781
2.320312
0.031250
3.183594
2.078125
0.097656
0.097656
2.363281
0.097656
1.718750
1.210938
0.023438
0.058594
2.589844
1.535156
2.523438
0.070312
-0.019531
0.074219
0.109375
-0.023438
0.218750
0.117188
2.902344
3.042969
2.199219
0.609375
1.804688
2.371094
1.816406
2.468750
0.042969
0.421875
2.062500
0.042969
0.113281
2.214844
2.941406
1.515625
0.171875
0.054688
0.031250
0.074219
0.203125
2.734375
2.300781
2.582031
-0.011719
0.000000
2.132812
1.542969
0.031250
0.019531
1.121094
3.339844
2.722656
0.070312
3.023438
-0.011719
0.121094
1.851562
0.148438
0.007812
2.031250
2.058594
0.996094
2.156250
0.320312
0.003906
2.187500
0.105469
0.238281
0.093750
2.324219
0.054688
-0.046875
0.113281
1.714844
1.226562
2.167969
1.578125
0.050781
2.015625
1.906250
0.226562
0.058594
0.062500
2.257812
0.078125
1.878906
0.078125
0.171875
-0.007812
1.523438
2.554688
-0.039062
2.367188
0.347656
1.792969
0.027344
0.089844
2.085938
0.101562
0.078125
2.003906
0.203125
2.933594
0.050781
-0.007812
0.820312
0.101562
1.953125
0.171875
0.093750
0.039062
0.054688
2.605469
0.621094
0.000000
0.000000
0.921875
1.136719
1.785156
0.074219
0.089844
1.617188
0.109375
2.148438
2.644531
0.000000
0.281250
-0.027344
1.484375
0.097656
0.097656
2.550781
0.332031
0.015625
0.664062
0.164062
0.179688
1.988281
0.058594
2.273438
0.015625
0.011719
1.734375
0.023438
0.023438
-0.031250
0.046875
0.046875
2.644531
0.007812
1.562500
1.429688
0.000000
2.605469
0.046875
1.585938
0.046875
0.066406
0.054688
2.355469
0.105469
2.542969
-0.007812
0.070312
0.007812
2.128906
0.171875
1.078125
0.144531
1.433594
0.203125
0.089844
-0.042969
3.253906
2.273438
0.074219
2.746094
0.046875
2.371094
1.625000
0.113281
1.992188
0.121094
1.843750
1.105469
1.316406
0.015625
0.097656
2.105469
0.066406
-0.054688
0.039062
0.089844
0.132812
0.191406
2.171875
0.082031
0.023438
0.019531
-0.039062
2.179688
2.015625
2.316406
0.210938
0.070312
1.121094
0.035156
1.710938
0.062500
0.203125
0.097656
-0.015625
-0.011719
-0.007812
0.089844
2.199219
0.042969
2.933594
1.726562
-0.015625
0.140625
2.660156
0.207031
0.082031
1.832031
0.128906
2.382812
-0.046875
1.847656
-0.019531
0.015625
1.640625
1.660156
2.875000
2.273438
0.097656
0.035156
0.070312
-0.074219
0.109375
0.015625
0.062500
0.824219
0.035156
0.218750
1.285156
0.710938
1.878906
1.980469
1.539062
1.898438
0.277344
0.011719
1.187500
0.058594
0.019531
0.417969
0.085938
1.578125
0.101562
1.238281
1.855469
0.113281
0.000000
0.113281
0.046875
1.285156
0.054688
0.035156
1.976562
0.191406
2.058594
0.066406
1.718750
0.140625
0.050781
0.207031
1.175781
0.156250
0.105469
0.023438
2.570312
1.957031
1.859375
0.085938
-0.031250
1.289062
0.121094
0.019531
0.171875
3.007812
3.214844
0.035156
2.062500
1.847656
0.097656
0.125000
1.597656
-0.035156
0.085938
0.000000
0.207031
1.289062
0.136719
0.042969
3.066406
-0.003906
0.011719
2.406250
2.855469
2.644531
0.085938
0.179688
0.222656
0.882812
3.328125
1.683594
0.125000
2.082031
0.148438
2.804688
0.000000
0.078125
2.289062
0.078125
0.019531
0.035156
0.015625
1.824219
2.355469
0.027344
2.535156
2.863281
1.703125
0.078125
2.457031
1.382812
0.031250
0.214844
0.066406
1.632812
0.175781
0.105469
1.546875
0.074219
0.058594
2.031250
2.480469
0.027344
1.789062
-0.027344
2.058594
1.664062
0.058594
1.695312
0.019531
2.402344
2.117188
0.207031
1.035156
2.222656
2.363281
1.347656
0.003906
1.566406
1.207031
1.101562
-0.011719
1.816406
2.093750
-0.003906
0.050781
2.332031
-0.019531
-0.023438
1.789062
0.000000
0.109375
0.117188
2.285156
1.527344
0.097656
0.042969
-0.007812
0.042969
0.042969
0.019531
0.000000
2.761719
2.308594
1.750000
0.000000
3.425781
-0.015625
2.761719
2.640625
0.269531
0.082031
3.054688
0.058594
2.394531
1.285156
2.675781
0.136719
0.230469
1.980469
-0.031250
0.125000
0.046875
0.539062
2.324219
3.382812
0.050781
0.085938
0.929688
0.132812
0.058594
0.046875
2.019531
0.023438
1.058594
0.035156
1.097656
0.000000
2.921875
2.437500
1.449219
1.824219
2.085938
0.109375
0.058594
0.054688
1.578125
1.703125
-0.023438
0.085938
0.003906
3.386719
2.238281
2.441406
2.218750
0.113281
1.710938
0.054688
0.031250
0.363281
0.597656
0.371094
0.351562
1.933594
0.007812
0.042969
0.066406
2.031250
1.398438
2.199219
1.000000
0.023438
0.082031
0.089844
2.507812
0.113281
0.039062
0.101562
3.941406
0.027344
0.078125
2.386719
2.996094
2.324219
0.062500
0.101562
1.996094
0.109375
1.992188
2.554688
1.058594
0.101562
2.398438
0.019531
1.207031
1.890625
2.667969
0.058594
0.097656
1.328125
0.078125
0.054688
1.550781
0.171875
2.187500
0.089844
0.070312
-0.007812
0.070312
-0.011719
0.093750
2.941406
0.066406
2.042969
1.042969
1.746094
2.785156
2.878906
0.000000
0.015625
0.074219
0.078125
0.027344
1.402344
0.066406
0.285156
1.859375
0.417969
0.019531
1.398438
2.535156
0.078125
1.308594
0.015625
1.429688
1.156250
0.199219
0.023438
2.582031
2.988281
0.066406
1.187500
1.453125
0.253906
0.039062
0.074219
-0.039062
2.226562
2.542969
2.410156
0.000000
2.015625
0.042969
0.000000
2.425781
2.003906
0.015625
0.023438
0.144531
0.011719
0.007812
1.046875
0.023438
0.164062
0.066406
1.933594
1.660156
0.175781
1.777344
0.183594
0.058594
0.015625
0.027344
1.652344
-0.003906
1.792969
1.742188
0.070312
2.671875
1.769531
-0.015625
0.058594
2.664062
-0.015625
1.792969
0.105469
3.222656
0.042969
2.355469
2.554688
0.003906
0.027344
0.085938
0.000000
0.093750
0.000000
1.777344
1.496094
-0.007812
2.636719
0.058594
1.390625
0.070312
0.082031
0.007812
3.574219
0.046875
0.046875
0.054688
2.125000
1.738281
0.222656
1.945312
0.054688
0.125000
1.457031
0.000000
1.953125
1.871094
0.031250
0.011719
0.964844
0.140625
2.437500
2.425781
0.101562
0.105469
0.011719
1.707031
0.015625
0.972656
1.707031
0.078125
0.019531
0.093750
2.035156
0.066406
0.046875
1.937500
0.089844
0.000000
0.046875
0.109375
0.054688
2.277344
2.820312
0.074219
0.109375
0.144531
1.671875
0.828125
0.152344
2.277344
0.988281
3.246094
0.113281
0.101562
0.960938
1.722656
0.132812
1.140625
2.753906
0.050781
0.070312
2.152344
0.117188
1.554688
0.027344
0.125000
0.035156
0.074219
1.988281
1.199219
1.882812
0.097656
2.359375
0.000000
0.031250
0.066406
-0.046875
0.117188
1.011719
2.699219
0.011719
0.019531
0.039062
0.304688
0.027344
0.031250
0.265625
0.019531
1.144531
0.046875
0.136719
1.761719
2.097656
1.777344
2.816406
1.949219
0.097656
0.000000
0.054688
1.019531
1.570312
2.675781
1.800781
2.328125
-0.031250
-0.003906
2.378906
1.683594
1.695312
0.183594
0.187500
0.093750
0.898438
0.011719
3.050781
1.371094
2.230469
0.070312
1.464844
0.121094
1.878906
0.042969
1.515625
0.027344
-0.011719
2.285156
2.679688
2.375000
0.027344
1.410156
0.007812
0.054688
0.000000
0.015625
1.734375
-0.011719
2.437500
0.027344
0.027344
0.039062
2.261719
1.976562
0.933594
2.988281
2.644531
3.078125
0.027344
0.156250
2.328125
-0.078125
0.128906
1.671875
0.062500
0.074219
1.238281
0.089844
2.304688
1.906250
0.054688
0.011719
0.035156
1.218750
1.765625
0.054688
1.644531
1.792969
0.074219
0.886719
2.113281
2.953125
0.085938
0.222656
1.441406
0.007812
1.804688
0.179688
0.027344
0.625000
0.027344
0.003906
0.007812
0.070312
0.105469
0.953125
2.269531
0.136719
2.695312
0.503906
1.601562
0.062500
0.050781
2.343750
2.191406
-0.015625
0.062500
2.386719
0.050781
1.757812
0.957031
0.039062
1.296875
2.101562
0.640625
2.203125
1.019531
0.175781
0.023438
0.292969
1.816406
0.019531
1.886719
0.062500
2.015625
-0.160156
0.894531
0.175781
0.058594
1.679688
0.015625
-0.007812
0.109375
0.234375
0.750000
1.898438
0.039062
2.281250
2.312500
2.007812
2.242188
0.035156
1.777344
0.046875
2.007812
0.058594
0.113281
0.062500
-0.007812
1.042969
-0.003906
0.367188
-0.003906
0.019531
0.203125
1.648438
0.050781
2.695312
1.824219
0.101562
0.160156
-0.007812
0.027344
0.074219
0.035156
2.929688
0.039062
0.152344
0.035156
0.101562
0.003906
1.789062
1.320312
0.039062
0.687500
1.828125
0.070312
2.468750
0.121094
0.062500
0.023438
0.000000
1.304688
2.433594
0.062500
2.605469
2.101562
0.078125
0.738281
0.421875
0.117188
0.089844
0.074219
2.429688
0.914062
-0.062500
0.066406
0.953125
2.972656
0.714844
2.324219
-0.007812
0.062500
0.003906
0.105469
1.414062
0.000000
0.050781
2.023438
0.054688
2.613281
1.484375
0.089844
0.003906
1.429688
1.500000
3.074219
3.214844
2.175781
0.015625
2.007812
2.476562
2.820312
0.054688
2.058594
0.089844
0.636719
0.089844
1.667969
0.039062
-0.070312
1.441406
1.808594
2.421875
0.093750
-0.007812
1.058594
1.730469
2.878906
0.496094
2.753906
1.339844
1.605469
0.097656
2.671875
1.261719
0.109375
3.269531
0.191406
2.773438
0.746094
0.066406
0.019531
-0.007812
1.621094
2.363281
1.687500
1.871094
1.550781
2.527344
2.519531
1.917969
0.050781
1.203125
2.339844
0.035156
1.296875
0.015625
0.093750
1.656250
1.710938
0.011719
0.246094
2.332031
0.027344
2.980469
1.164062
0.066406
2.167969
-0.007812
0.148438
0.839844
0.027344
2.843750
-0.023438
0.367188
0.082031
1.027344
2.089844
2.671875
0.074219
1.035156
2.128906
0.121094
-0.003906
2.824219
1.824219
0.078125
0.183594
0.093750
0.070312
1.718750
0.574219
0.074219
0.113281
0.078125
2.113281
1.953125
2.878906
0.070312
2.539062
0.000000
1.937500
0.085938
1.441406
2.156250
0.089844
0.039062
1.554688
0.031250
0.046875
2.121094
-0.019531
2.214844
2.527344
0.011719
0.031250
0.019531
2.910156
1.093750
0.058594
0.003906
1.136719
1.382812
2.304688
1.085938
0.042969
0.347656
0.066406
-0.035156
0.046875
1.566406
1.546875
1.546875
1.480469
0.042969
0.000000
0.101562
2.910156
0.859375
2.203125
0.039062
2.011719
0.121094
0.046875
0.015625
0.050781
2.148438
2.214844
0.128906
2.230469
0.046875
0.050781
2.324219
3.191406
0.582031
1.078125
0.128906
1.433594
1.500000
-0.027344
1.113281
0.144531
0.214844
-0.015625
1.617188
1.074219
1.800781
2.480469
0.160156
2.117188
1.875000
0.042969
0.121094
0.093750
0.011719
0.093750
0.066406
2.316406
1.550781
1.925781
0.015625
-0.031250
0.445312
0.042969
0.050781
2.792969
2.285156
0.085938
-0.027344
0.101562
0.074219
0.074219
1.292969
0.105469
1.812500
2.324219
0.101562
0.054688
-0.050781
1.722656
0.125000
0.054688
0.019531
0.207031
2.554688
0.117188
1.921875
1.445312
0.117188
0.019531
0.046875
0.089844
2.578125
1.562500
1.281250
2.238281
0.019531
1.125000
0.074219
0.128906
3.328125
2.109375
0.113281
0.847656
0.046875
1.824219
1.996094
0.039062
2.285156
0.078125
0.007812
0.050781
2.828125
1.679688
2.320312
0.984375
0.113281
1.355469
0.027344
0.050781
0.070312
1.972656
1.406250
0.371094
0.433594
1.210938
0.109375
1.742188
0.062500
2.652344
0.042969
0.011719
0.167969
0.128906
0.000000
0.035156
2.832031
0.121094
1.050781
2.496094
2.175781
2.191406
0.070312
1.792969
0.074219
0.007812
1.253906
2.136719
-0.019531
0.050781
1.585938
2.585938
0.066406
-0.023438
1.484375
0.117188
-0.039062
2.507812
2.085938
0.011719
2.066406
2.886719
1.078125
2.707031
-0.093750
2.769531
2.296875
0.003906
1.722656
0.042969
2.781250
0.273438
0.191406
0.011719
-0.027344
2.125000
3.386719
0.003906
0.101562
1.687500
0.046875
-0.039062
0.132812
0.320312
2.613281
0.031250
0.066406
-0.019531
0.058594
2.660156
1.730469
-0.085938
2.457031
0.000000
1.390625
0.031250
-0.003906
0.015625
0.089844
0.011719
0.105469
3.015625
0.121094
0.039062
0.046875
0.121094
-0.007812
2.632812
0.031250
0.066406
0.863281
0.136719
1.890625
0.246094
2.191406
1.582031
-0.007812
0.093750
0.015625
0.101562
2.042969
0.136719
1.714844
1.515625
0.097656
-0.011719
2.257812
1.906250
0.089844
0.078125
0.082031
0.066406
2.429688
2.187500
-0.089844
0.046875
0.066406
0.195312
0.105469
3.011719
0.066406
1.847656
3.269531
0.046875
1.640625
0.085938
0.023438
0.070312
0.050781
1.968750
1.730469
1.218750
0.109375
0.058594
2.003906
2.617188
0.023438
1.699219
2.718750
0.210938
-0.007812
2.140625
1.132812
2.242188
0.289062
0.085938
-0.007812
-0.031250
1.859375
1.593750
0.113281
2.636719
3.355469
0.203125
2.500000
1.972656
1.156250
2.441406
0.105469
1.703125
1.070312
3.164062
1.378906
2.480469
3.359375
2.304688
1.042969
0.187500
0.921875
0.039062
2.558594
0.300781
-0.035156
2.734375
0.085938
0.031250
0.128906
0.046875
-0.031250
0.058594
2.890625
0.050781
0.050781
0.050781
0.519531
0.066406
2.203125
0.132812
0.980469
0.019531
0.675781
1.156250
0.117188
2.093750
2.046875
1.007812
0.023438
3.687500
1.378906
0.070312
0.050781
0.019531
2.359375
0.878906
1.804688
0.058594
1.949219
3.105469
0.785156
2.578125
0.054688
0.027344
-0.019531
2.425781
0.019531
2.992188
1.882812
2.312500
0.000000
-0.062500
1.554688
0.175781
0.101562
0.667969
1.179688
0.062500
0.039062
0.414062
0.027344
0.062500
1.710938
2.949219
2.089844
0.050781
1.378906
-0.003906
2.093750
2.257812
0.054688
0.156250
0.160156
1.101562
2.597656
2.273438
2.070312
1.195312
-0.058594
1.949219
0.109375
0.015625
2.644531
2.628906
1.890625
-0.019531
3.074219
2.691406
-0.019531
1.898438
0.742188
1.585938
0.078125
2.960938
0.000000
1.367188
2.855469
1.566406
1.910156
2.539062
0.011719
1.824219
0.062500
1.992188
1.785156
0.917969
0.121094
1.171875
2.328125
2.886719
2.105469
2.394531
1.773438
1.562500
2.285156
0.085938
1.140625
1.710938
2.343750
2.945312
0.023438
2.718750
0.027344
2.031250
0.019531
-0.007812
0.050781
2.218750
2.460938
0.773438
0.000000
1.046875
0.007812
3.046875
1.453125
0.066406
0.050781
0.789062
-0.023438
1.570312
2.281250
1.296875
-0.132812
1.269531
0.289062
2.808594
0.800781
0.015625
0.054688
0.085938
0.011719
1.292969
0.101562
2.402344
-0.007812
1.839844
0.011719
2.019531
2.214844
2.281250
0.089844
0.179688
0.015625
0.117188
2.820312
0.066406
2.394531
0.003906
1.488281
0.320312
0.097656
2.378906
0.054688
2.769531
2.640625
1.175781
2.265625
1.308594
0.042969
2.390625
1.457031
2.582031
2.472656
0.082031
0.101562
2.917969
1.882812
0.039062
3.210938
0.726562
0.039062
0.121094
1.925781
2.082031
2.187500
-0.050781
3.210938
-0.015625
1.863281
-0.019531
2.761719
1.371094
0.992188
0.003906
0.027344
0.125000
1.781250
2.707031
0.011719
0.902344
0.085938
1.367188
1.835938
0.074219
1.582031
0.046875
-0.035156
2.167969
3.019531
0.546875
0.140625
2.804688
-0.003906
-0.003906
1.996094
0.042969
2.179688
1.625000
-0.050781
0.015625
0.019531
0.054688
2.355469
0.125000
2.636719
-0.089844
1.468750
0.035156
0.152344
0.675781
1.781250
0.066406
2.457031
2.222656
0.078125
1.523438
0.140625
2.105469
1.550781
2.113281
2.859375
0.015625
0.082031
0.097656
2.605469
2.480469
0.132812
0.097656
-0.015625
0.031250
0.089844
0.023438
-0.050781
0.085938
0.078125
2.414062
0.367188
1.468750
0.121094
2.226562
0.105469
2.132812
0.183594
2.539062
0.058594
2.082031
-0.003906
1.359375
0.070312
0.472656
2.234375
-0.011719
0.058594
2.000000
1.714844
2.582031
0.062500
2.320312
2.605469
2.656250
2.234375
0.648438
0.035156
2.187500
3.082031
0.011719
0.164062
3.289062
2.917969
0.589844
1.492188
1.417969
1.992188
-0.003906
0.640625
0.046875
0.078125
2.132812
0.085938
2.449219
0.062500
1.328125
1.164062
1.601562
0.101562
0.050781
1.738281
0.019531
0.007812
1.144531
0.164062
0.136719
0.042969
0.085938
-0.039062
2.187500
0.054688
-0.003906
0.054688
1.500000
0.011719
-0.058594
0.074219
2.320312
-0.003906
2.402344
2.078125
0.117188
1.382812
0.121094
0.078125
2.613281
0.195312
0.062500
3.070312
1.839844
1.585938
0.027344
0.156250
0.996094
1.433594
0.085938
-0.011719
2.648438
0.058594
0.054688
2.035156
2.523438
0.023438
-0.011719
1.492188
2.773438
0.019531
0.000000
0.082031
1.910156
1.843750
0.191406
0.050781
0.035156
2.539062
2.234375
2.562500
2.300781
1.929688
0.035156
0.019531
1.070312
2.386719
0.570312
1.988281
2.593750
0.582031
0.070312
-0.003906
1.898438
0.066406
2.566406
3.261719
-0.019531
2.398438
0.113281
-0.046875
0.054688
0.093750
0.128906
0.007812
0.031250
2.636719
0.117188
1.636719
-0.003906
0.042969
0.117188
0.023438
0.035156
1.789062
-0.042969
0.046875
0.187500
0.062500
0.031250
0.132812
0.148438
1.945312
0.085938
1.722656
0.929688
2.054688
1.503906
1.632812
0.132812
-0.011719
1.335938
0.105469
1.601562
-0.050781
0.804688
0.023438
0.042969
1.917969
0.070312
0.097656
0.062500
2.183594
0.054688
1.957031
2.140625
0.000000
0.031250
0.820312
0.074219
0.062500
0.710938
0.062500
0.160156
0.250000
1.828125
0.253906
0.054688
1.757812
-0.023438
1.914062
-0.027344
2.394531
1.949219
2.046875
0.000000
0.183594
0.164062
0.238281
2.312500
0.003906
1.410156
-0.011719
0.058594
0.132812
0.125000
0.000000
0.003906
0.019531
2.949219
1.101562
0.042969
0.050781
1.726562
-0.050781
1.839844
0.027344
0.066406
-0.015625
0.105469
2.285156
2.429688
1.488281
2.496094
0.074219
-0.070312
2.703125
1.117188
2.289062
2.789062
0.000000
1.597656
1.699219
-0.039062
2.328125
0.000000
1.238281
0.082031
0.042969
0.050781
0.109375
0.011719
0.089844
0.000000
1.960938
1.847656
0.058594
0.058594
1.074219
0.093750
0.011719
0.902344
0.593750
1.304688
0.082031
0.054688
0.074219
-0.023438
0.062500
0.000000
1.914062
0.000000
-0.015625
2.957031
1.652344
1.695312
2.382812
1.945312
0.152344
0.042969
0.175781
0.046875
0.011719
-0.027344
0.003906
0.007812
-0.058594
0.093750
2.160156
0.187500
3.339844
2.597656
0.015625
0.160156
1.890625
1.789062
1.171875
1.148438
0.019531
1.464844
0.109375
0.101562
1.929688
0.023438
0.121094
0.031250
2.125000
0.054688
0.039062
0.082031
0.125000
0.019531
0.066406
2.039062
0.382812
1.011719
3.132812
2.730469
0.046875
1.523438
2.066406
1.816406
0.074219
0.617188
1.769531
-0.003906
0.074219
0.039062
-0.003906
0.035156
1.421875
0.148438
0.070312
0.066406
1.492188
2.199219
0.074219
1.671875
0.039062
2.308594
2.585938
0.042969
0.007812
0.074219
0.015625
0.167969
-0.007812
0.050781
0.039062
1.429688
0.031250
2.019531
1.925781
0.140625
1.812500
1.382812
0.152344
1.601562
0.171875
1.972656
1.410156
2.015625
1.750000
1.453125
0.074219
0.000000
0.035156
-0.078125
0.027344
1.937500
1.687500
0.886719
0.128906
-0.027344
0.019531
0.082031
1.046875
0.015625
1.382812
0.023438
0.140625
0.660156
0.046875
1.613281
0.097656
0.113281
1.742188
0.027344
2.667969
2.742188
0.062500
1.792969
0.121094
1.476562
0.046875
-0.011719
0.089844
0.109375
1.832031
2.941406
1.980469
1.214844
2.382812
2.320312
0.003906
2.734375
2.480469
2.375000
0.894531
2.847656
0.046875
-0.085938
2.863281
0.031250
1.613281
1.781250
-0.035156
0.140625
0.058594
0.109375
2.714844
1.683594
1.644531
0.031250
-0.054688
3.257812
-0.015625
0.070312
0.000000
2.949219
0.031250
0.070312
2.351562
-0.003906
0.105469
2.355469
2.472656
1.855469
2.613281
2.093750
0.062500
0.121094
2.019531
2.062500
-0.039062
-0.054688
1.253906
-0.011719
0.097656
3.187500
0.933594
0.019531
1.542969
0.097656
0.066406
0.066406
0.355469
2.214844
1.871094
2.628906
2.917969
0.144531
0.292969
1.808594
0.035156
0.035156
1.953125
0.019531
-0.062500
0.074219
0.070312
0.011719
1.261719
2.492188
2.222656
2.308594
2.445312
0.000000
-0.023438
-0.070312
0.046875
-0.019531
0.023438
1.429688
1.324219
0.000000
-0.039062
1.351562
0.078125
0.031250
2.152344
0.710938
2.007812
1.824219
0.437500
0.031250
0.042969
0.000000
2.703125
2.195312
-0.003906
2.656250
2.277344
-0.035156
0.007812
0.000000
3.128906
0.144531
0.066406
2.664062
0.058594
0.000000
1.664062
0.125000
0.000000
2.234375
0.078125
1.707031
3.101562
2.011719
2.394531
0.296875
-0.046875
0.082031
1.496094
0.035156
0.019531
0.031250
2.324219
0.027344
0.066406
0.003906
1.546875
0.019531
1.636719
0.062500
0.085938
0.039062
1.613281
0.753906
0.320312
2.675781
3.277344
0.132812
0.347656
0.078125
2.480469
1.636719
0.050781
0.171875
1.406250
2.261719
1.476562
0.019531
0.675781
2.597656
2.667969
2.835938
0.042969
0.089844
0.023438
0.093750
1.660156
2.582031
0.187500
0.121094
2.234375
0.039062
0.058594
-0.015625
0.074219
1.910156
0.035156
2.027344
2.718750
1.968750
1.046875
0.121094
2.136719
0.187500
1.609375
0.035156
0.070312
1.621094
2.792969
2.484375
0.125000
1.140625
2.363281
0.105469
0.042969
0.679688
-0.007812
1.585938
0.023438
0.105469
1.300781
1.867188
-0.019531
1.648438
0.007812
1.875000
0.027344
1.300781
-0.027344
3.101562
0.023438
1.542969
1.539062
0.019531
0.082031
0.000000
1.742188
1.449219
2.667969
1.644531
0.007812
2.925781
1.535156
0.023438
0.078125
0.199219
2.347656
2.972656
1.601562
0.714844
0.031250
0.000000
2.679688
0.054688
0.007812
2.882812
0.019531
0.121094
0.062500
0.562500
0.062500
2.945312
1.453125
0.539062
0.039062
0.230469
0.015625
2.710938
2.109375
1.859375
1.632812
0.062500
0.062500
2.496094
0.050781
-0.074219
1.925781
3.269531
0.132812
2.015625
0.113281
0.132812
0.960938
0.085938
0.019531
3.156250
0.093750
0.070312
0.964844
0.011719
2.457031
1.601562
2.679688
2.933594
1.839844
0.062500
1.679688
0.039062
0.000000
0.734375
3.074219
1.828125
0.105469
2.960938
0.074219
0.609375
2.609375
1.601562
0.105469
0.050781
0.117188
0.062500
2.343750
0.027344
3.007812
1.617188
2.078125
0.121094
1.265625
0.085938
0.125000
0.019531
0.136719
2.195312
0.054688
2.792969
0.070312
2.800781
0.062500
2.332031
0.054688
2.382812
2.523438
0.093750
2.429688
0.082031
2.441406
2.054688
1.128906
0.046875
0.101562
2.777344
-0.050781
1.953125
2.679688
1.980469
2.375000
0.140625
1.683594
1.496094
0.078125
1.332031
1.203125
2.132812
0.035156
0.054688
1.886719
1.738281
2.148438
2.511719
0.003906
3.042969
0.050781
1.167969
0.085938
1.984375
2.203125
0.828125
2.257812
0.039062
0.062500
0.046875
2.332031
0.023438
-0.003906
0.062500
0.000000
1.828125
0.773438
3.078125
0.093750
0.179688
0.062500
2.269531
0.089844
-0.046875
0.656250
0.007812
0.023438
0.046875
0.027344
0.050781
0.054688
1.750000
0.484375
1.683594
-0.050781
1.980469
0.250000
-0.054688
0.007812
1.933594
2.601562
2.128906
-0.003906
0.101562
1.984375
0.066406
1.445312
0.070312
0.046875
0.054688
0.000000
0.000000
3.074219
0.050781
1.957031
2.394531
-0.003906
0.046875
0.078125
-0.023438
0.007812
2.382812
0.062500
0.128906
0.109375
0.117188
0.003906
0.046875
-0.007812
2.121094
0.023438
0.101562
0.074219
1.335938
0.015625
0.023438
2.343750
2.031250
0.167969
3.277344
0.097656
0.972656
1.828125
0.046875
0.148438
2.542969
0.117188
1.707031
0.058594
0.101562
-0.031250
2.207031
2.632812
2.207031
2.214844
1.269531
0.078125
0.183594
1.109375
1.804688
0.191406
0.078125
0.000000
0.035156
1.128906
1.691406
0.046875
0.074219
1.898438
1.417969
0.019531
0.062500
1.976562
-0.003906
0.097656
1.527344
0.011719
0.015625
1.484375
-0.019531
1.074219
0.066406
-0.011719
0.167969
2.082031
0.054688
0.050781
0.039062
-0.007812
0.078125
1.007812
0.230469
2.625000
2.320312
0.226562
-0.031250
0.941406
2.070312
0.105469
-0.011719
-0.023438
2.167969
0.066406
0.007812
0.054688
0.011719
0.101562
0.007812
1.792969
1.394531
0.000000
0.375000
-0.007812
0.058594
0.042969
0.175781
0.035156
0.011719
2.531250
0.050781
1.468750
1.800781
0.058594
0.046875
2.437500
2.113281
1.023438
1.742188
0.082031
2.207031
2.058594
-0.074219
-0.015625
0.058594
1.640625
1.414062
1.894531
0.078125
2.140625
0.027344
0.042969
0.031250
0.007812
0.000000
0.132812
0.128906
0.093750
2.316406
0.050781
0.113281
2.355469
2.527344
2.015625
2.214844
2.046875
0.097656
2.972656
0.140625
0.046875
2.617188
0.054688
0.324219
0.039062
2.660156
0.058594
0.093750
0.046875
2.281250
-0.015625
0.105469
1.843750
0.066406
1.480469
0.058594
0.046875
0.101562
0.046875
0.027344
3.203125
2.019531
0.093750
2.132812
2.648438
0.070312
0.031250
0.007812
0.941406
0.121094
0.671875
0.199219
1.503906
0.058594
1.957031
3.007812
0.113281
0.015625
3.464844
2.050781
0.062500
2.089844
0.117188
0.015625
0.812500
3.171875
0.734375
2.304688
-0.015625
2.070312
0.117188
-0.015625
1.843750
0.011719
0.039062
0.214844
0.121094
1.839844
2.941406
0.000000
2.816406
-0.015625
1.199219
2.199219
2.097656
2.531250
0.125000
1.082031
1.308594
2.984375
1.460938
-0.109375
2.828125
0.851562
0.007812
0.035156
0.046875
1.402344
0.792969
0.171875
1.753906
2.089844
2.496094
1.968750
0.078125
2.503906
1.609375
2.460938
0.062500
1.683594
2.132812
0.039062
0.050781
0.000000
0.089844
0.148438
0.066406
1.808594
1.140625
2.054688
0.015625
1.457031
2.234375
0.093750
0.003906
0.121094
0.894531
0.050781
0.199219
0.031250
0.136719
1.539062
0.109375
2.453125
0.074219
0.042969
0.109375
1.183594
1.707031
0.089844
0.046875
0.113281
0.019531
1.449219
0.203125
1.757812
0.089844
0.121094
-0.015625
0.003906
-0.003906
2.187500
0.109375
0.011719
2.519531
0.085938
0.003906
0.046875
0.011719
2.332031
0.011719
2.042969
1.949219
2.121094
0.000000
0.414062
0.015625
1.097656
1.242188
3.062500
1.871094
1.019531
0.039062
0.058594
1.144531
0.199219
1.789062
2.437500
2.226562
-0.027344
2.296875
2.589844
2.031250
0.152344
2.089844
0.058594
0.152344
1.773438
0.019531
1.988281
0.093750
0.125000
1.886719
0.109375
0.074219
0.050781
1.785156
2.539062
0.042969
0.058594
-0.031250
1.917969
0.011719
-0.019531
0.660156
1.250000
3.113281
-0.062500
2.187500
0.976562
0.000000
0.121094
0.085938
0.058594
1.906250
2.097656
0.140625
0.121094
0.011719
1.437500
2.261719
2.667969
0.078125
0.007812
2.890625
0.148438
1.886719
2.238281
2.804688
1.335938
0.144531
0.101562
0.042969
-0.007812
0.050781
-0.023438
0.070312
2.816406
2.089844
0.015625
1.812500
0.187500
1.839844
0.234375
-0.042969
0.050781
2.031250
1.289062
2.621094
2.363281
1.429688
0.070312
0.023438
1.929688
0.070312
0.074219
0.156250
-0.039062
-0.050781
0.039062
2.640625
0.035156
0.050781
2.308594
0.007812
2.375000
0.097656
-0.003906
-0.019531
0.039062
0.000000
0.042969
0.089844
1.531250
0.011719
3.226562
0.078125
2.027344
0.011719
1.230469
3.269531
0.148438
0.054688
0.035156
2.402344
0.097656
2.261719
0.039062
1.039062
0.082031
0.054688
1.277344
2.152344
2.046875
0.136719
0.074219
0.007812
3.226562
1.460938
1.902344
2.632812
1.718750
0.015625
-0.050781
0.074219
2.414062
0.023438
2.343750
1.132812
0.335938
0.031250
-0.042969
2.402344
0.082031
0.867188
2.015625
1.992188
2.238281
2.464844
1.945312
0.074219
1.234375
3.023438
1.937500
1.742188
0.082031
0.007812
0.011719
0.000000
2.164062
-0.023438
0.062500
2.175781
2.796875
0.000000
1.230469
0.109375
0.027344
2.539062
0.023438
0.085938
0.125000
0.050781
2.824219
0.132812
1.968750
0.250000
0.882812
2.859375
0.128906
0.203125
3.347656
2.039062
0.054688
1.613281
0.027344
2.265625
1.968750
0.046875
0.023438
1.511719
-0.023438
1.621094
2.636719
1.429688
0.062500
1.714844
1.132812
0.140625
0.035156
0.050781
2.167969
0.125000
2.234375
0.062500
1.625000
0.117188
0.027344
0.136719
0.828125
0.117188
2.687500
1.730469
0.054688
1.367188
2.375000
1.886719
0.179688
2.878906
0.082031
0.031250
2.097656
2.742188
0.015625
0.128906
-0.093750
0.699219
0.167969
0.011719
0.000000
0.199219
-0.054688
0.257812
1.320312
0.003906
0.144531
0.117188
0.085938
2.890625
0.125000
0.000000
2.355469
-0.031250
2.585938
0.031250
0.113281
0.054688
0.585938
2.281250
0.007812
3.085938
0.046875
0.007812
1.730469
0.011719
0.886719
0.085938
0.046875
2.117188
0.160156
2.773438
0.265625
0.070312
1.601562
0.027344
0.140625
0.000000
0.015625
0.039062
0.074219
-0.023438
1.824219
-0.058594
0.121094
0.089844
2.558594
2.656250
1.925781
1.468750
-0.019531
2.328125
0.136719
0.000000
2.667969
0.000000
0.011719
0.132812
-0.031250
0.089844
2.355469
0.066406
1.640625
1.398438
0.093750
0.984375
1.074219
0.031250
0.421875
0.031250
0.054688
0.777344
2.285156
0.062500
0.000000
0.097656
0.125000
0.082031
1.488281
0.085938
-0.015625
2.316406
0.042969
0.023438
0.167969
0.671875
-0.023438
0.835938
1.609375
0.015625
2.460938
0.832031
0.097656
2.640625
-0.042969
-0.019531
1.042969
0.023438
2.054688
1.589844
0.000000
1.382812
0.714844
-0.019531
0.085938
2.585938
-0.019531
0.058594
1.738281
2.257812
2.554688
0.097656
1.867188
2.375000
2.824219
0.054688
2.542969
2.109375
0.058594
0.156250
0.609375
0.824219
1.554688
2.371094
0.082031
0.003906
1.898438
1.332031
1.988281
2.121094
0.148438
1.812500
0.027344
2.359375
1.777344
1.335938
1.281250
2.484375
0.359375
0.042969
2.257812
2.234375
0.121094
0.125000
1.984375
-0.011719
-0.015625
2.324219
1.632812
0.410156
1.992188
0.019531
2.074219
2.250000
0.093750
1.863281
1.855469
2.535156
2.738281
-0.007812
2.500000
0.953125
0.015625
2.996094
1.671875
1.175781
0.054688
2.503906
0.011719
2.054688
0.000000
-0.031250
2.742188
0.019531
0.019531
2.527344
0.039062
2.300781
0.007812
0.089844
3.304688
2.113281
0.203125
-0.011719
0.121094
2.023438
0.058594
0.019531
1.359375
0.011719
1.019531
0.148438
3.128906
0.105469
0.429688
-0.031250
1.617188
0.042969
0.015625
-0.015625
1.800781
-0.042969
0.164062
2.972656
0.082031
1.175781
0.347656
2.625000
2.292969
0.570312
-0.023438
1.453125
0.093750
0.062500
0.078125
2.496094
0.058594
0.019531
0.144531
0.121094
2.726562
1.351562
0.054688
1.371094
2.972656
-0.027344
0.031250
0.117188
0.101562
3.085938
2.304688
0.035156
0.179688
0.871094
2.375000
1.652344
0.015625
0.101562
0.472656
0.039062
1.722656
-0.027344
0.000000
1.714844
1.996094
-0.007812
-0.027344
1.433594
2.304688
0.066406
0.046875
1.664062
-0.105469
1.531250
0.000000
0.050781
1.558594
0.042969
2.433594
2.300781
0.601562
2.429688
2.093750
2.503906
0.074219
0.199219
0.003906
0.054688
2.914062
1.847656
0.082031
0.140625
0.023438
2.015625
0.019531
2.175781
0.105469
1.417969
1.453125
1.457031
0.996094
0.027344
0.644531
0.824219
0.132812
2.191406
1.726562
0.027344
0.144531
2.753906
0.027344
1.808594
0.007812
0.144531
0.078125
0.031250
-0.007812
2.855469
1.691406
0.066406
-0.035156
0.089844
0.929688
0.078125
1.273438
1.511719
2.199219
-0.011719
0.128906
2.058594
0.000000
2.386719
0.101562
2.531250
1.550781
2.894531
-0.035156
0.128906
0.089844
1.910156
1.703125
0.015625
0.179688
0.050781
0.031250
2.480469
-0.011719
0.019531
2.593750
1.601562
2.335938
2.019531
2.027344
2.343750
2.878906
0.160156
0.000000
0.031250
0.027344
0.210938
0.093750
0.503906
0.042969
2.292969
0.128906
0.003906
0.175781
2.687500
0.128906
0.105469
0.175781
0.031250
0.171875
0.851562
0.000000
2.574219
1.820312
0.042969
0.082031
0.093750
1.671875
-0.011719
0.125000
1.015625
0.140625
0.304688
0.058594
0.199219
0.078125
1.718750
2.054688
1.652344
1.554688
0.105469
0.050781
0.179688
0.000000
0.343750
0.101562
0.058594
1.230469
1.718750
0.023438
-0.011719
0.984375
1.203125
0.101562
0.113281
0.070312
0.082031
0.027344
0.199219
1.722656
1.609375
2.636719
0.097656
1.210938
2.710938
0.093750
2.308594
1.554688
1.660156
0.007812
0.046875
2.566406
2.796875
0.070312
2.566406
2.582031
1.734375
0.000000
0.054688
1.335938
0.167969
0.039062
-0.031250
0.785156
0.003906
-0.023438
1.015625
0.132812
1.746094
0.105469
0.332031
1.769531
2.644531
1.832031
2.007812
1.964844
1.894531
2.500000
0.085938
1.863281
0.066406
0.062500
1.585938
0.984375
1.222656
0.085938
0.027344
1.824219
0.136719
0.101562
0.023438
2.144531
0.625000
2.773438
2.402344
2.152344
0.007812
0.007812
0.019531
1.562500
0.050781
0.058594
0.070312
1.851562
-0.015625
2.121094
0.074219
0.011719
1.816406
0.238281
0.031250
0.160156
2.121094
0.050781
0.191406
0.160156
2.277344
0.050781
0.859375
0.046875
2.933594
0.175781
0.085938
0.074219
0.093750
2.171875
0.015625
2.460938
0.000000
0.050781
2.757812
1.765625
-0.027344
0.007812
0.093750
0.101562
3.656250
3.023438
0.023438
1.273438
1.769531
0.015625
0.773438
2.136719
0.066406
0.101562
2.671875
1.640625
1.320312
0.031250
0.093750
-0.019531
1.390625
1.339844
2.265625
1.914062
0.078125
1.261719
0.085938
0.058594
0.035156
2.089844
0.136719
2.941406
2.414062
2.097656
0.093750
0.820312
0.058594
0.714844
0.031250
2.351562
2.203125
1.187500
-0.011719
1.363281
0.042969
0.035156
1.917969
2.210938
0.070312
0.000000
1.281250
0.066406
0.000000
0.027344
2.023438
-0.050781
2.714844
1.843750
0.054688
1.390625
1.796875
2.300781
2.480469
0.050781
0.000000
3.460938
0.046875
2.289062
0.175781
1.875000
0.000000
0.109375
1.632812
2.277344
0.097656
0.039062
0.000000
0.023438
1.664062
2.300781
1.949219
1.960938
0.019531
0.003906
1.054688
0.007812
0.015625
0.042969
0.042969
0.089844
0.042969
0.023438
1.398438
1.906250
0.121094
0.015625
1.601562
2.812500
-0.019531
0.574219
2.347656
1.832031
2.375000
0.046875
0.042969
0.117188
2.417969
-0.003906
2.199219
0.058594
2.843750
2.128906
-0.015625
0.042969
2.011719
0.007812
1.917969
1.675781
1.792969
1.890625
0.027344
0.042969
0.054688
0.089844
0.039062
0.132812
0.187500
2.082031
0.039062
0.082031
2.378906
1.875000
-0.011719
0.089844
0.023438
3.316406
1.312500
0.058594
0.765625
1.847656
0.027344
0.195312
0.039062
2.953125
1.886719
2.296875
0.148438
1.019531
2.183594
2.796875
1.296875
1.292969
2.929688
1.613281
-0.097656
0.078125
0.042969
1.972656
1.382812
-0.011719
0.050781
2.332031
0.003906
0.164062
0.988281
0.156250
0.144531
0.097656
2.574219
3.187500
1.164062
1.804688
2.632812
0.105469
0.093750
2.597656
-0.042969
1.687500
0.015625
2.191406
0.152344
3.292969
0.000000
0.109375
0.093750
0.953125
0.812500
0.050781
0.300781
0.246094
1.773438
0.023438
0.050781
0.152344
2.402344
1.535156
2.007812
0.054688
0.058594
-0.003906
2.746094
0.078125
2.761719
0.097656
0.703125
0.039062
0.160156
-0.039062
3.304688
0.027344
1.910156
3.132812
3.160156
2.480469
2.449219
0.128906
-0.046875
0.015625
0.042969
2.554688
1.394531
0.007812
0.097656
1.070312
0.222656
3.105469
0.054688
0.148438
2.011719
1.820312
0.066406
2.679688
0.000000
1.207031
0.046875
-0.015625
0.097656
1.835938
0.007812
0.101562
0.992188
2.652344
0.003906
1.812500
0.085938
0.000000
0.027344
0.039062
0.031250
0.000000
-0.027344
2.976562
0.246094
2.609375
0.031250
0.046875
3.351562
0.031250
0.191406
0.023438
3.070312
1.839844
2.226562
0.042969
1.484375
2.207031
-0.007812
0.718750
0.121094
-0.039062
1.292969
1.632812
2.000000
-0.027344
1.277344
1.648438
0.023438
0.125000
1.785156
3.269531
0.000000
0.019531
0.097656
3.312500
0.027344
0.015625
1.871094
2.640625
0.113281
0.535156
1.355469
0.015625
2.859375
0.117188
1.144531
0.164062
1.773438
0.054688
0.011719
2.101562
0.058594
1.550781
0.070312
3.187500
0.027344
0.074219
0.968750
2.808594
2.015625
1.761719
1.710938
1.425781
2.253906
1.433594
0.011719
0.042969
-0.015625
0.046875
1.484375
2.042969
0.019531
0.101562
0.019531
1.804688
0.054688
0.007812
0.050781
0.089844
1.890625
-0.039062
0.097656
1.894531
0.085938
2.386719
1.558594
2.480469
0.070312
0.003906
-0.023438
0.042969
0.000000
0.207031
0.238281
0.214844
0.207031
0.066406
1.687500
2.000000
1.726562
2.882812
0.070312
2.167969
0.160156
2.437500
1.671875
0.027344
0.035156
2.824219
2.683594
0.113281
0.058594
-0.007812
2.167969
0.121094
0.156250
2.785156
0.078125
1.988281
-0.023438
2.246094
2.128906
1.996094
2.550781
-0.003906
0.136719
2.121094
0.082031
2.542969
0.074219
0.250000
0.539062
0.859375
0.027344
2.906250
0.070312
0.074219
0.062500
0.027344
-0.011719
1.148438
2.585938
2.093750
2.570312
2.246094
0.085938
1.203125
-0.003906
2.492188
0.121094
-0.023438
0.058594
2.078125
2.968750
1.464844
1.125000
0.128906
0.050781
