-0.011719
0.000000
0.003906
0.003906
-0.011719
-0.035156
-0.035156
0.000000
0.000000
0.000000
0.000000
0.003906
0.007812
0.000000
0.312500
0.000000
-0.031250
0.058594
-0.003906
0.000000
0.000000
0.000000
0.000000
0.000000
0.000000
0.003906
0.003906
0.000000
-0.152344
0.000000
0.007812
0.000000
0.000000
0.000000
-0.011719
0.000000
0.003906
-0.035156
0.000000
0.000000
0.062500
0.000000
0.007812
0.000000
0.000000
0.000000
0.000000
0.000000
0.000000
0.000000
0.031250
0.027344
0.000000
0.015625
0.000000
0.003906
-0.007812
0.035156
0.003906
0.000000
0.000000
0.023438
0.000000
0.000000
0.000000
0.003906
0.027344
0.000000
-0.070312
0.000000
0.003906
-0.019531
0.003906
0.000000
0.000000
0.027344
-0.089844
0.000000
0.050781
1.488281
0.000000
0.000000
0.000000
0.011719
0.003906
0.093750
0.000000
0.070312
0.000000
0.000000
0.000000
0.000000
0.003906
0.003906
0.000000
0.000000
0.000000
0.000000
0.027344
0.000000
0.000000
0.000000
0.000000
0.000000
0.000000
0.007812
0.000000
0.000000
0.000000
1.750000
0.000000
0.000000
0.019531
0.000000
-0.054688
0.000000
1.929688
0.023438
0.000000
1.468750
0.000000
0.023438
0.003906
0.000000
-0.007812
0.000000
-0.011719
0.011719
0.000000
-0.007812
0.003906
-0.082031
0.003906
0.000000
0.000000
-0.078125
0.031250
0.000000
0.000000
-0.027344
0.000000
0.050781
0.011719
0.000000
0.015625
0.000000
-0.015625
0.011719
0.000000
0.000000
0.000000
0.000000
0.000000
0.042969
0.007812
0.000000
-0.003906
1.585938
0.925781
0.000000
0.062500
0.000000
0.042969
0.000000
-0.003906
0.000000
0.003906
-0.015625
-0.003906
0.000000
0.000000
0.003906
-0.023438
0.093750
-0.011719
0.027344
0.015625
0.000000
-0.011719
0.000000
0.000000
0.003906
0.011719
0.000000
0.000000
0.000000
0.011719
0.019531
0.000000
-0.003906
-0.003906
-0.007812
0.023438
-0.003906
0.000000
0.000000
0.000000
-0.015625
0.000000
0.019531
0.000000
-0.003906
0.015625
0.074219
0.066406
0.007812
0.015625
0.042969
-0.007812
0.003906
0.000000
0.007812
-0.003906
0.039062
0.000000
0.000000
0.000000
-0.003906
0.003906
0.000000
0.007812
0.167969
0.007812
0.000000
0.011719
0.007812
0.000000
0.003906
0.011719
0.000000
-0.035156
-0.027344
-0.035156
0.000000
0.000000
0.000000
0.000000
0.000000
0.000000
0.039062
-0.011719
0.000000
0.000000
0.039062
0.000000
0.000000
0.000000
0.000000
0.003906
-0.007812
0.027344
0.000000
-0.003906
0.000000
0.035156
0.000000
0.000000
0.000000
0.000000
0.050781
0.003906
0.003906
0.011719
0.000000
0.121094
0.000000
0.035156
0.000000
0.000000
-0.050781
0.000000
0.031250
0.000000
0.027344
0.082031
0.000000
-0.039062
1.871094
-0.011719
0.019531
0.000000
0.070312
0.000000
0.000000
0.000000
0.000000
0.000000
0.000000
0.000000
0.000000
0.000000
-0.007812
-0.011719
0.000000
0.019531
0.000000
0.035156
-0.003906
0.003906
0.000000
0.480469
0.000000
-0.007812
0.054688
0.000000
0.007812
0.000000
0.000000
0.000000
0.046875
0.000000
0.000000
-0.007812
0.000000
-0.089844
0.078125
0.000000
-0.007812
0.000000
0.007812
0.000000
-0.046875
0.003906
0.000000
0.000000
0.000000
0.000000
0.000000
0.000000
0.000000
0.000000
-0.007812
0.015625
0.000000
-0.093750
-0.011719
0.000000
0.003906
0.015625
0.089844
0.000000
0.007812
0.000000
0.000000
0.000000
-0.003906
0.000000
0.000000
0.031250
-0.136719
0.000000
0.042969
0.015625
-0.007812
0.000000
0.015625
0.007812
-0.007812
0.058594
-0.031250
-0.046875
0.011719
0.007812
0.000000
0.000000
0.003906
0.000000
0.027344
0.101562
0.000000
0.007812
0.003906
-0.078125
-0.003906
0.011719
0.000000
-0.011719
0.000000
0.000000
0.000000
0.183594
0.000000
0.000000
-0.007812
0.000000
0.007812
0.000000
0.000000
0.066406
0.000000
0.000000
0.000000
-0.042969
0.000000
0.000000
0.000000
0.027344
-0.019531
0.011719
0.000000
0.015625
0.000000
0.000000
0.000000
0.000000
0.000000
-0.054688
0.000000
0.000000
0.019531
0.000000
0.000000
0.000000
0.000000
0.042969
0.003906
-0.089844
0.000000
0.097656
0.000000
0.093750
0.000000
0.093750
0.058594
0.019531
0.000000
0.000000
0.000000
0.000000
0.062500
-0.027344
0.003906
0.000000
0.003906
0.000000
0.000000
0.000000
0.000000
0.023438
0.027344
0.011719
0.003906
0.000000
0.007812
0.000000
0.050781
0.000000
0.000000
0.023438
0.000000
0.000000
0.003906
-0.011719
0.050781
0.000000
-0.015625
-0.027344
0.039062
0.019531
0.007812
0.003906
0.000000
-0.011719
0.003906
0.000000
0.042969
0.003906
0.023438
0.000000
-0.019531
0.000000
0.000000
0.000000
-0.105469
0.000000
-0.007812
0.011719
0.003906
0.000000
0.000000
0.000000
0.003906
0.000000
0.000000
0.000000
0.003906
-0.011719
-0.027344
0.000000
0.007812
0.000000
0.000000
0.000000
0.042969
0.000000
0.007812
-0.164062
0.000000
0.003906
0.000000
0.003906
0.003906
0.007812
0.000000
0.000000
0.000000
0.000000
-0.039062
-0.003906
0.066406
-0.007812
0.000000
-0.015625
0.019531
0.000000
0.000000
0.027344
0.000000
0.000000
0.027344
-0.007812
0.000000
0.000000
-0.050781
0.000000
0.035156
0.000000
0.003906
0.007812
0.007812
0.000000
-0.011719
0.179688
0.019531
0.000000
-0.003906
-0.031250
0.000000
0.000000
0.035156
0.000000
0.003906
0.003906
0.023438
0.031250
0.011719
0.015625
-0.003906
0.000000
0.003906
1.625000
0.000000
0.000000
0.000000
0.132812
0.019531
0.000000
-0.003906
0.000000
0.003906
0.000000
0.000000
0.000000
0.000000
0.000000
0.039062
0.000000
0.000000
0.003906
-0.046875
0.003906
0.000000
0.000000
0.000000
0.027344
-0.003906
0.000000
0.000000
0.000000
0.000000
0.000000
0.003906
0.000000
0.011719
-0.031250
0.000000
0.000000
0.003906
-0.003906
0.011719
0.007812
0.015625
-0.007812
-0.050781
0.011719
0.000000
0.007812
0.000000
0.000000
0.003906
0.000000
-0.031250
-0.007812
0.000000
0.000000
0.000000
0.003906
0.000000
0.003906
0.007812
0.003906
0.007812
0.000000
-0.023438
0.007812
0.000000
0.023438
0.000000
0.000000
0.000000
-0.046875
0.000000
0.000000
0.003906
0.027344
0.000000
0.027344
0.000000
0.000000
0.003906
-0.007812
0.093750
0.000000
0.011719
0.039062
0.000000
0.054688
0.000000
0.000000
-0.003906
0.015625
0.000000
0.046875
-0.011719
-0.062500
0.000000
-0.003906
0.007812
0.000000
0.003906
0.007812
-0.015625
-0.003906
0.000000
0.000000
0.011719
0.000000
0.023438
0.000000
0.003906
0.000000
0.000000
0.011719
0.000000
0.000000
0.007812
0.230469
0.000000
-0.007812
0.000000
0.003906
0.000000
-0.007812
0.011719
0.000000
0.015625
0.000000
0.000000
0.000000
0.000000
0.000000
0.000000
0.000000
0.003906
0.519531
-0.031250
0.000000
0.000000
0.035156
0.003906
0.000000
0.000000
0.000000
-0.054688
0.042969
0.011719
0.019531
0.000000
0.000000
0.000000
0.082031
0.023438
-0.039062
0.003906
0.039062
0.000000
0.070312
0.000000
-0.070312
0.011719
0.003906
0.000000
0.000000
0.000000
-0.011719
0.000000
0.000000
-0.054688
0.031250
-0.015625
0.000000
0.000000
0.000000
0.000000
-0.031250
0.000000
0.000000
0.000000
0.000000
0.015625
0.000000
0.003906
0.015625
0.003906
0.000000
0.000000
0.000000
0.003906
0.000000
0.000000
0.007812
0.007812
0.015625
-0.117188
0.000000
0.000000
-0.007812
0.000000
0.000000
0.097656
0.007812
0.011719
0.011719
0.003906
-0.042969
0.093750
0.000000
0.000000
0.015625
0.003906
0.000000
0.003906
0.015625
-0.039062
0.011719
-0.003906
-0.003906
0.000000
-0.011719
0.109375
0.000000
0.128906
0.000000
0.031250
0.000000
0.000000
0.000000
0.000000
0.035156
0.000000
0.000000
0.019531
0.000000
0.000000
-0.082031
0.000000
0.000000
0.000000
-0.074219
0.000000
0.000000
0.000000
0.000000
0.000000
0.000000
0.000000
0.019531
0.042969
0.000000
-0.019531
0.000000
-0.003906
0.000000
0.000000
0.000000
0.000000
-0.003906
0.000000
0.023438
0.015625
0.175781
0.000000
0.000000
0.000000
0.011719
0.000000
0.015625
0.000000
0.011719
0.207031
0.089844
0.000000
0.000000
0.000000
0.000000
-0.003906
0.003906
0.000000
0.011719
0.003906
-0.007812
0.003906
0.000000
0.000000
0.000000
1.093750
0.003906
0.035156
0.007812
0.000000
0.000000
0.218750
0.003906
0.000000
0.000000
0.000000
0.000000
0.011719
0.000000
0.003906
0.015625
0.031250
0.160156
0.000000
0.000000
0.007812
0.000000
-0.003906
0.000000
0.058594
0.000000
-0.027344
0.003906
2.515625
0.000000
0.000000
0.140625
0.000000
-0.007812
0.007812
0.003906
0.667969
0.000000
0.003906
0.023438
-0.074219
0.000000
0.000000
0.000000
0.058594
-0.003906
0.000000
0.000000
0.003906
0.003906
0.000000
-0.097656
0.000000
0.000000
0.000000
0.000000
0.000000
0.019531
0.000000
0.000000
0.003906
0.007812
0.015625
-0.011719
1.148438
0.000000
0.000000
0.000000
0.003906
0.000000
0.000000
0.000000
0.000000
0.000000
-0.003906
0.023438
-0.003906
-0.062500
0.000000
0.000000
0.000000
0.000000
0.015625
0.000000
0.000000
0.000000
-0.003906
0.000000
0.000000
0.000000
0.000000
-0.011719
0.050781
0.000000
0.050781
0.000000
0.003906
0.000000
0.023438
0.011719
0.000000
0.003906
0.000000
0.003906
0.000000
0.000000
-0.003906
0.000000
0.000000
0.000000
0.003906
0.007812
-0.003906
0.000000
1.367188
-0.054688
0.000000
0.050781
0.000000
0.000000
0.000000
0.000000
0.003906
0.011719
0.019531
0.000000
-0.003906
0.000000
0.074219
0.003906
0.000000
0.000000
0.042969
0.003906
0.000000
0.000000
-0.031250
0.000000
0.000000
0.000000
0.011719
0.000000
0.000000
0.015625
0.000000
0.136719
0.011719
0.007812
0.000000
0.000000
0.000000
0.000000
0.000000
0.000000
-0.050781
0.027344
-0.007812
0.000000
0.000000
0.000000
0.000000
0.000000
0.003906
0.000000
0.000000
0.000000
-0.035156
1.164062
0.000000
0.007812
0.160156
-0.023438
0.011719
0.000000
0.000000
0.000000
0.000000
0.000000
1.375000
0.000000
0.015625
0.000000
0.000000
0.000000
-0.007812
0.019531
0.023438
0.000000
0.000000
-0.042969
0.015625
0.000000
0.070312
-0.011719
0.011719
0.000000
0.027344
-0.003906
0.000000
0.000000
0.000000
-0.019531
0.027344
-0.007812
-0.011719
0.003906
0.000000
0.000000
0.011719
0.000000
0.023438
0.000000
0.000000
0.000000
0.019531
0.000000
0.066406
-0.003906
0.000000
0.000000
0.000000
0.000000
-0.015625
0.000000
0.000000
0.000000
0.066406
0.000000
-0.023438
0.000000
0.000000
0.000000
0.015625
0.039062
-0.089844
0.000000
0.105469
0.164062
0.000000
0.000000
0.070312
0.007812
0.023438
-0.011719
0.000000
0.000000
0.000000
-0.023438
0.035156
0.000000
-0.136719
0.007812
0.000000
0.000000
0.007812
0.011719
0.003906
0.011719
-0.003906
0.000000
0.000000
0.000000
0.000000
0.031250
0.000000
0.003906
0.000000
0.000000
0.000000
0.000000
0.000000
-0.007812
0.000000
0.023438
0.007812
0.000000
0.000000
0.000000
0.105469
0.000000
0.000000
0.000000
0.000000
0.000000
0.003906
0.000000
0.000000
0.000000
0.050781
0.000000
0.015625
0.011719
0.000000
0.000000
0.000000
0.011719
0.027344
0.003906
0.000000
0.000000
0.000000
0.000000
0.000000
0.019531
0.000000
0.000000
0.000000
0.019531
-0.003906
0.000000
-0.015625
0.000000
0.035156
0.003906
-0.003906
0.000000
-0.015625
0.000000
0.000000
0.000000
0.000000
0.000000
0.003906
0.000000
0.000000
0.000000
0.015625
0.000000
0.000000
0.000000
0.003906
0.406250
0.000000
0.003906
0.000000
0.000000
0.000000
0.023438
0.691406
0.000000
0.000000
0.000000
0.042969
0.003906
-0.062500
0.000000
0.015625
0.187500
0.000000
0.000000
-0.039062
0.058594
0.011719
0.011719
0.000000
-0.011719
0.019531
0.000000
0.000000
0.000000
0.000000
0.000000
0.000000
0.003906
0.000000
0.000000
0.003906
0.000000
-0.011719
0.000000
0.003906
-0.039062
0.000000
0.000000
0.000000
0.000000
-0.054688
0.000000
0.000000
0.000000
0.039062
0.000000
0.000000
0.000000
0.000000
0.003906
0.000000
-0.007812
-0.011719
-0.039062
0.003906
0.015625
-0.023438
0.003906
0.000000
0.000000
0.000000
-0.015625
0.000000
0.000000
0.000000
0.000000
0.000000
0.000000
0.000000
0.035156
0.000000
0.003906
0.003906
-0.031250
0.000000
0.000000
0.007812
0.003906
0.000000
-0.011719
0.000000
0.000000
0.000000
0.019531
-0.011719
0.000000
0.000000
0.000000
-0.003906
0.000000
0.003906
0.000000
0.011719
0.000000
0.000000
-0.019531
0.050781
0.007812
0.007812
-0.019531
-0.050781
0.000000
0.000000
0.015625
-0.066406
0.042969
-0.015625
0.003906
0.011719
0.000000
0.062500
0.000000
-0.019531
0.000000
-0.015625
0.000000
0.000000
1.000000
0.000000
0.000000
0.003906
-0.074219
0.000000
-0.070312
0.000000
0.011719
0.000000
0.011719
0.000000
0.023438
0.039062
0.000000
-0.031250
0.007812
-0.042969
0.011719
-0.011719
0.000000
0.000000
0.000000
-0.003906
0.000000
0.000000
0.000000
0.003906
0.007812
0.011719
0.000000
0.000000
0.003906
-0.007812
0.000000
0.000000
-0.031250
0.000000
-0.031250
0.000000
-0.035156
-0.003906
0.027344
0.000000
0.000000
0.000000
0.000000
0.003906
-0.023438
-0.050781
0.000000
0.000000
0.000000
0.000000
0.015625
0.027344
0.000000
0.000000
0.000000
0.003906
0.003906
0.000000
0.000000
0.000000
0.000000
0.015625
0.000000
0.000000
0.000000
0.000000
-0.054688
-0.003906
0.058594
0.007812
-0.062500
0.003906
0.000000
0.000000
1.492188
0.000000
0.000000
-0.007812
0.000000
0.003906
0.000000
0.007812
0.000000
0.003906
0.000000
-0.027344
0.000000
0.000000
-0.058594
0.000000
0.042969
0.000000
0.000000
0.000000
0.000000
0.000000
-0.003906
0.000000
0.015625
0.000000
0.000000
0.046875
0.000000
0.035156
0.031250
0.000000
0.000000
0.031250
0.000000
0.011719
0.011719
0.000000
0.117188
-0.035156
0.000000
0.000000
0.007812
0.039062
0.003906
0.000000
0.035156
-0.007812
0.000000
0.050781
0.058594
0.000000
0.000000
0.000000
0.000000
0.003906
0.000000
0.003906
-0.011719
0.000000
0.000000
0.000000
0.000000
0.000000
0.007812
0.000000
0.000000
0.003906
-0.070312
0.000000
0.000000
0.000000
0.011719
0.000000
0.003906
-0.003906
0.000000
0.007812
0.039062
0.000000
-0.027344
0.000000
-0.003906
0.000000
0.003906
0.000000
0.000000
0.003906
0.023438
0.000000
0.000000
-0.003906
0.000000
0.000000
0.003906
0.000000
0.023438
0.156250
0.000000
0.000000
0.000000
0.007812
0.015625
0.000000
0.003906
0.003906
0.003906
0.007812
0.000000
0.000000
-0.015625
0.000000
0.000000
0.042969
0.000000
0.000000
-0.011719
0.000000
0.000000
-0.019531
0.000000
0.003906
0.074219
0.000000
0.003906
0.000000
0.000000
0.000000
0.003906
0.007812
0.000000
-0.023438
0.000000
0.000000
0.007812
0.000000
0.003906
0.000000
0.000000
0.000000
0.000000
0.000000
0.000000
0.007812
0.000000
0.000000
0.031250
0.000000
0.000000
0.000000
0.000000
0.000000
0.000000
0.003906
-0.015625
1.820312
0.003906
-0.003906
0.000000
-0.011719
0.007812
-0.003906
0.000000
0.000000
-0.015625
0.000000
0.000000
-0.105469
0.000000
0.000000
0.117188
0.000000
0.015625
0.003906
0.000000
0.011719
0.000000
0.003906
0.000000
0.011719
0.000000
-0.003906
0.000000
0.000000
0.000000
0.000000
0.000000
0.000000
0.000000
-0.007812
0.000000
-0.003906
0.000000
-0.019531
0.000000
0.007812
0.003906
0.000000
0.003906
-0.011719
0.000000
0.046875
0.011719
0.000000
0.000000
-0.003906
0.000000
0.000000
0.000000
0.980469
0.000000
0.000000
0.003906
-0.015625
0.000000
0.050781
0.000000
0.039062
0.000000
0.000000
0.000000
0.003906
0.011719
0.003906
-0.085938
-0.003906
0.000000
-0.085938
0.007812
0.000000
0.000000
0.023438
0.003906
1.328125
0.000000
0.000000
-0.003906
-0.007812
0.000000
0.031250
0.000000
0.027344
0.000000
0.000000
0.003906
0.000000
0.000000
0.000000
0.000000
0.000000
0.003906
0.007812
0.000000
0.000000
0.000000
0.007812
0.000000
0.042969
-0.035156
0.000000
0.035156
0.019531
0.000000
0.000000
0.015625
0.890625
0.000000
0.000000
0.000000
0.000000
0.000000
0.000000
-0.007812
0.000000
0.000000
0.007812
0.003906
0.050781
0.039062
0.000000
-0.093750
0.000000
0.191406
0.003906
0.000000
0.000000
-0.023438
0.003906
0.000000
0.000000
0.000000
0.007812
0.000000
0.000000
0.000000
0.000000
-0.007812
0.000000
-0.031250
0.035156
0.000000
0.000000
0.003906
0.007812
0.000000
0.000000
0.003906
-0.097656
0.003906
0.000000
0.000000
0.000000
0.000000
0.000000
-0.035156
-0.046875
0.003906
0.000000
0.000000
0.000000
0.000000
0.000000
0.000000
-0.039062
0.000000
0.003906
-0.054688
0.000000
0.000000
0.000000
0.265625
0.000000
0.000000
0.000000
0.011719
-0.011719
0.000000
0.000000
0.003906
0.128906
0.000000
0.000000
0.000000
0.000000
0.007812
0.000000
0.000000
0.000000
-0.019531
0.003906
0.031250
0.039062
0.019531
0.000000
-0.058594
0.000000
0.000000
0.011719
0.003906
0.027344
0.082031
0.000000
0.054688
0.000000
1.214844
0.000000
0.906250
0.000000
0.000000
0.000000
0.000000
0.000000
0.000000
0.000000
0.003906
0.003906
-0.078125
0.000000
-0.019531
-0.015625
-0.003906
-0.007812
0.019531
0.000000
0.000000
0.000000
0.023438
0.003906
-0.003906
-0.003906
0.000000
0.000000
-0.023438
0.003906
0.000000
0.011719
-0.011719
0.007812
-0.042969
0.003906
0.003906
0.074219
0.011719
0.000000
0.003906
0.000000
0.000000
-0.003906
0.000000
0.000000
-0.121094
0.000000
-0.007812
0.027344
0.000000
0.007812
0.007812
0.000000
0.003906
0.007812
0.015625
-0.003906
1.492188
0.000000
0.000000
-0.031250
0.000000
0.062500
0.000000
0.000000
0.039062
0.000000
0.066406
0.000000
0.011719
0.000000
-0.003906
0.000000
0.000000
0.011719
0.003906
0.007812
0.000000
0.000000
0.000000
0.000000
0.183594
0.015625
-0.003906
-0.007812
-0.011719
0.007812
0.003906
0.000000
0.000000
-0.035156
0.003906
0.000000
0.042969
0.164062
0.011719
0.000000
0.000000
0.003906
-0.031250
0.027344
0.011719
0.000000
0.000000
0.000000
1.484375
0.000000
0.136719
0.011719
-0.011719
0.000000
0.000000
0.000000
0.000000
0.000000
0.000000
0.000000
0.000000
0.000000
0.000000
0.000000
0.062500
0.046875
-0.007812
0.003906
0.000000
0.031250
-0.035156
0.000000
-0.039062
0.000000
-0.003906
-0.007812
-0.003906
0.000000
0.015625
0.000000
0.000000
0.003906
0.007812
0.000000
0.000000
0.000000
0.007812
0.000000
0.015625
0.000000
0.000000
0.000000
0.000000
0.000000
0.000000
0.000000
0.000000
0.007812
0.000000
0.000000
0.011719
0.000000
0.011719
-0.035156
0.074219
0.000000
0.000000
0.000000
0.000000
0.000000
0.000000
-0.003906
0.000000
0.000000
0.000000
0.050781
0.000000
0.000000
0.019531
0.000000
-0.003906
0.000000
0.000000
0.003906
0.000000
-0.003906
-0.003906
0.007812
0.000000
-0.093750
0.000000
0.000000
0.000000
0.000000
0.003906
0.015625
0.000000
0.000000
0.000000
0.007812
-0.058594
0.000000
0.000000
0.007812
0.000000
0.000000
0.000000
0.000000
0.011719
0.082031
-0.019531
0.144531
0.000000
0.023438
0.000000
0.000000
0.000000
0.000000
0.011719
0.000000
0.000000
0.000000
0.000000
0.000000
0.066406
0.000000
0.000000
0.000000
0.007812
0.000000
0.617188
0.000000
0.000000
0.000000
0.050781
0.003906
0.011719
0.035156
0.000000
0.000000
0.000000
0.000000
-0.003906
0.000000
0.000000
-0.085938
0.000000
0.000000
0.000000
0.007812
0.003906
0.023438
0.109375
0.000000
0.003906
0.000000
0.000000
0.000000
-0.003906
0.003906
0.000000
0.000000
0.000000
0.000000
0.000000
0.000000
0.000000
0.000000
0.128906
0.000000
-0.023438
0.027344
0.015625
0.000000
0.000000
-0.003906
0.000000
-0.007812
0.000000
0.054688
0.035156
0.000000
0.000000
0.207031
-0.003906
0.000000
0.000000
0.000000
0.050781
0.007812
0.000000
0.062500
0.000000
0.000000
0.000000
0.042969
0.007812
0.003906
0.000000
0.000000
-0.011719
0.000000
0.000000
-0.019531
0.000000
0.011719
0.000000
0.082031
0.000000
0.000000
0.000000
0.000000
0.000000
0.000000
0.027344
0.000000
0.000000
0.000000
0.000000
0.269531
0.000000
0.000000
0.007812
-0.050781
-0.003906
0.000000
0.000000
0.000000
0.000000
0.007812
0.105469
0.000000
0.000000
0.000000
0.000000
0.000000
0.042969
1.027344
-0.011719
0.000000
0.007812
0.000000
0.000000
-0.062500
0.011719
-0.027344
0.031250
0.000000
0.007812
0.000000
0.000000
0.019531
0.007812
0.000000
0.003906
0.000000
-0.011719
0.000000
-0.003906
0.000000
0.000000
0.000000
0.000000
0.000000
-0.019531
0.000000
-0.003906
-0.105469
0.015625
0.000000
0.000000
0.000000
-0.027344
0.000000
0.000000
0.000000
0.062500
0.000000
0.000000
0.000000
0.000000
0.000000
0.007812
0.007812
0.027344
-0.003906
-0.003906
0.000000
0.003906
0.007812
0.039062
0.000000
0.000000
0.000000
0.000000
0.000000
0.003906
0.000000
-0.023438
-0.003906
0.000000
0.007812
0.000000
0.011719
0.000000
0.000000
0.000000
0.000000
-0.007812
0.035156
0.003906
0.000000
0.000000
0.000000
-0.031250
0.000000
0.000000
-0.003906
0.000000
0.003906
0.054688
0.000000
0.019531
0.023438
0.000000
0.000000
0.000000
-0.062500
-0.003906
-0.003906
-0.007812
-0.003906
0.007812
0.000000
0.000000
0.000000
0.007812
0.000000
0.164062
0.000000
0.015625
0.765625
0.000000
0.007812
0.000000
0.000000
-0.027344
-0.011719
0.093750
0.000000
0.003906
0.023438
0.007812
-0.003906
-0.011719
0.000000
0.000000
0.000000
0.007812
0.000000
0.027344
0.027344
0.007812
0.000000
0.000000
0.000000
0.007812
0.000000
-0.003906
0.000000
0.000000
0.000000
0.000000
0.000000
0.000000
0.000000
0.000000
0.000000
0.000000
0.011719
0.000000
0.046875
-0.007812
0.019531
-0.003906
-0.007812
0.000000
0.000000
0.003906
0.000000
-0.015625
-0.007812
0.000000
0.000000
0.000000
0.000000
0.000000
0.000000
0.003906
0.000000
0.000000
0.007812
0.000000
0.000000
-0.003906
0.000000
0.000000
0.003906
0.000000
-0.003906
0.000000
-0.050781
0.000000
-0.011719
0.031250
0.039062
0.000000
0.000000
0.000000
0.019531
0.000000
0.000000
0.035156
0.000000
0.000000
-0.023438
0.015625
0.015625
-0.011719
0.000000
0.003906
0.000000
0.000000
0.003906
0.000000
0.000000
0.000000
0.054688
0.003906
0.074219
0.000000
0.000000
0.003906
0.011719
-0.007812
-0.003906
-0.015625
0.000000
0.003906
0.042969
0.000000
0.000000
0.000000
0.000000
0.000000
0.003906
0.000000
-0.035156
0.000000
0.027344
0.011719
0.070312
0.000000
-0.023438
-0.007812
0.000000
0.000000
0.000000
0.000000
-0.039062
0.000000
0.003906
0.000000
0.000000
0.050781
0.000000
0.000000
0.000000
0.000000
0.003906
0.007812
0.000000
0.003906
0.000000
0.019531
0.003906
0.011719
0.000000
0.000000
0.152344
0.000000
0.000000
0.019531
-0.046875
0.007812
-0.027344
0.000000
0.007812
0.000000
-0.003906
-0.011719
0.000000
0.000000
0.003906
0.003906
0.023438
0.007812
0.000000
0.003906
0.078125
0.000000
0.089844
-0.046875
0.007812
0.000000
-0.003906
-0.031250
0.992188
0.031250
0.000000
0.003906
0.000000
0.000000
0.000000
-0.062500
0.003906
0.000000
0.000000
-0.003906
-0.019531
0.000000
0.000000
0.023438
0.003906
0.000000
0.000000
0.000000
0.156250
-0.027344
0.000000
0.007812
0.000000
0.000000
0.000000
0.027344
0.000000
-0.042969
0.000000
0.003906
-0.007812
0.000000
-0.031250
0.058594
0.000000
0.000000
0.000000
0.000000
0.000000
0.000000
0.000000
0.000000
0.003906
0.000000
0.000000
0.011719
0.003906
0.000000
0.007812
0.000000
0.000000
0.007812
0.000000
0.000000
0.000000
0.000000
0.000000
0.000000
0.000000
0.000000
0.000000
0.000000
-0.003906
-0.097656
0.000000
0.000000
0.000000
0.000000
1.492188
0.023438
0.000000
0.000000
0.000000
0.015625
0.027344
-0.003906
0.000000
0.023438
0.000000
0.000000
0.000000
0.000000
0.000000
0.316406
0.003906
0.003906
0.023438
-0.015625
0.000000
0.000000
0.000000
0.046875
-0.019531
0.019531
0.000000
0.000000
0.007812
0.000000
0.000000
-0.003906
0.015625
0.035156
0.066406
0.000000
0.000000
0.003906
0.039062
0.000000
0.000000
0.000000
0.054688
0.000000
1.886719
0.000000
-0.128906
0.000000
1.609375
0.003906
-0.003906
0.000000
0.000000
0.007812
-0.027344
0.039062
0.000000
0.000000
0.000000
0.000000
0.000000
0.000000
0.019531
-0.042969
0.000000
0.000000
0.000000
0.003906
0.000000
0.000000
0.000000
-0.011719
-0.011719
0.000000
0.000000
0.000000
0.023438
0.000000
0.000000
-0.031250
0.000000
0.000000
0.000000
0.000000
0.007812
0.000000
0.035156
0.003906
-0.007812
0.000000
0.000000
0.000000
0.000000
0.000000
0.000000
0.078125
0.003906
0.000000
0.000000
-0.046875
-0.007812
0.003906
0.000000
0.007812
0.000000
0.003906
0.007812
0.000000
0.023438
0.000000
0.000000
0.000000
0.000000
0.000000
0.035156
0.027344
0.050781
0.000000
0.000000
0.000000
0.085938
0.000000
0.000000
0.023438
0.000000
0.000000
0.000000
0.042969
0.015625
0.003906
-0.003906
0.000000
0.000000
0.000000
0.074219
0.000000
-0.015625
-0.007812
0.000000
0.000000
-0.031250
-0.007812
0.000000
0.000000
0.000000
0.000000
0.000000
0.000000
0.000000
0.011719
-0.011719
0.000000
0.000000
0.000000
0.000000
-0.042969
0.003906
0.000000
-0.007812
-0.042969
-0.003906
0.062500
0.015625
0.000000
0.000000
0.023438
0.000000
0.000000
0.000000
0.011719
-0.015625
0.121094
0.011719
0.000000
0.000000
0.000000
0.003906
0.000000
0.000000
-0.003906
0.000000
0.000000
0.000000
0.308594
0.000000
-0.035156
0.000000
0.000000
0.000000
0.000000
0.003906
0.000000
0.000000
-0.003906
0.000000
0.066406
0.000000
0.000000
0.000000
0.015625
0.000000
0.000000
0.007812
0.000000
0.000000
0.000000
0.046875
-0.058594
0.097656
0.000000
0.000000
0.000000
-0.011719
0.000000
0.011719
-0.007812
0.070312
0.000000
0.000000
-0.230469
0.000000
0.011719
0.000000
0.000000
0.000000
0.011719
0.003906
0.007812
0.039062
0.000000
-0.011719
0.000000
0.000000
0.082031
0.003906
-0.007812
0.000000
0.050781
-0.085938
0.003906
0.000000
0.003906
-0.058594
-0.007812
0.007812
0.000000
0.000000
-0.003906
-0.015625
0.000000
-0.035156
-0.003906
0.007812
0.000000
0.011719
0.000000
0.000000
0.000000
0.000000
0.000000
0.000000
0.003906
0.000000
0.000000
-0.039062
0.003906
0.000000
0.003906
0.000000
0.000000
0.000000
0.000000
0.000000
0.000000
0.000000
0.000000
0.054688
0.003906
0.000000
0.019531
0.007812
0.000000
0.000000
0.023438
-0.011719
0.000000
0.023438
0.000000
0.003906
0.000000
0.000000
0.007812
-0.015625
0.000000
-0.082031
0.007812
-0.011719
0.023438
-0.015625
0.039062
0.000000
0.003906
0.000000
0.000000
0.031250
0.019531
0.000000
0.000000
0.000000
0.000000
0.000000
0.000000
0.000000
0.085938
0.000000
0.000000
0.000000
0.000000
0.000000
0.007812
0.015625
0.000000
0.007812
0.000000
0.003906
0.039062
0.007812
0.097656
0.000000
0.031250
0.000000
0.000000
0.000000
0.000000
0.000000
0.000000
0.000000
0.003906
0.003906
-0.003906
0.058594
0.000000
0.000000
-0.019531
0.000000
0.015625
0.000000
0.000000
0.000000
0.000000
0.000000
0.000000
0.019531
0.015625
0.000000
0.000000
0.000000
-0.058594
0.000000
0.000000
-0.011719
0.000000
0.000000
0.000000
0.000000
0.593750
0.000000
0.066406
0.000000
0.007812
0.019531
0.000000
0.000000
-0.003906
0.000000
0.003906
0.058594
0.003906
0.000000
0.007812
0.074219
0.000000
0.023438
0.003906
0.000000
0.000000
0.000000
0.007812
0.003906
0.000000
0.074219
0.000000
0.000000
0.003906
0.000000
0.000000
0.003906
-0.003906
0.042969
0.000000
0.003906
-0.003906
0.000000
0.000000
-0.011719
0.000000
0.003906
0.007812
-0.035156
0.000000
0.011719
0.000000
0.007812
0.117188
0.007812
0.000000
-0.054688
0.023438
0.000000
0.000000
0.000000
0.000000
0.003906
0.000000
-0.070312
0.003906
0.000000
0.007812
0.007812
0.000000
0.000000
0.000000
-0.011719
0.007812
0.000000
0.003906
-0.003906
-0.011719
0.000000
0.003906
0.000000
0.003906
0.000000
0.000000
0.015625
0.000000
0.000000
-0.027344
0.000000
0.000000
0.000000
0.027344
0.011719
0.000000
0.000000
0.000000
0.019531
0.000000
0.027344
0.003906
0.000000
0.000000
0.027344
0.000000
0.003906
-0.007812
0.000000
0.003906
1.558594
0.000000
0.000000
0.003906
0.000000
0.000000
0.000000
0.000000
0.000000
0.000000
0.000000
0.000000
-0.039062
0.000000
0.000000
0.132812
0.000000
0.003906
0.003906
0.039062
0.000000
0.003906
0.000000
0.000000
0.000000
0.000000
0.000000
-0.003906
0.011719
0.000000
0.000000
0.000000
0.000000
0.000000
0.000000
0.000000
0.003906
0.007812
0.023438
0.000000
0.000000
0.000000
-0.003906
0.007812
0.003906
-0.027344
0.000000
0.000000
0.000000
0.000000
0.003906
0.000000
0.000000
0.000000
-0.011719
0.011719
0.000000
-0.003906
-0.003906
0.000000
1.132812
0.050781
0.000000
0.023438
0.000000
0.003906
0.000000
0.000000
-0.023438
0.000000
-0.066406
0.000000
0.000000
0.000000
0.003906
0.000000
0.000000
0.000000
0.000000
0.000000
0.000000
0.164062
0.000000
0.003906
0.000000
0.000000
0.066406
0.003906
-0.042969
0.000000
1.550781
-0.003906
0.050781
-0.007812
0.000000
0.000000
0.000000
0.003906
0.000000
-0.031250
0.003906
0.113281
-0.007812
-0.003906
0.027344
0.003906
0.000000
0.000000
0.000000
0.019531
0.000000
0.000000
0.000000
-0.003906
0.894531
0.007812
0.003906
0.000000
0.000000
0.175781
-0.039062
0.000000
0.003906
-0.085938
-0.011719
0.000000
0.000000
0.023438
-0.062500
0.000000
0.000000
0.000000
0.078125
0.000000
0.000000
0.000000
0.000000
0.007812
-0.007812
-0.062500
0.000000
0.000000
0.046875
0.000000
0.007812
0.019531
0.000000
0.000000
-0.042969
0.000000
0.000000
0.000000
0.000000
0.007812
0.000000
0.046875
0.000000
-0.023438
0.000000
0.000000
0.003906
0.000000
0.000000
0.000000
-0.003906
0.000000
-0.015625
0.000000
0.003906
-0.003906
0.000000
0.070312
0.000000
-0.027344
0.000000
0.000000
-0.007812
0.000000
0.015625
0.000000
0.003906
0.000000
-0.066406
-0.156250
0.000000
0.046875
0.000000
0.000000
0.019531
0.000000
-0.003906
0.000000
0.000000
-0.007812
0.000000
0.027344
0.003906
-0.023438
0.054688
0.019531
0.019531
0.019531
-0.027344
0.000000
0.000000
-0.031250
-0.011719
0.027344
-0.007812
0.000000
0.000000
0.000000
0.042969
0.015625
0.027344
0.000000
-0.046875
0.000000
-0.039062
0.000000
0.027344
0.003906
0.000000
0.000000
0.000000
0.000000
-0.011719
0.000000
0.000000
0.000000
0.000000
0.000000
-0.011719
0.000000
0.000000
0.000000
0.128906
0.136719
0.000000
0.000000
0.000000
0.046875
0.000000
0.000000
-0.015625
0.000000
0.011719
0.015625
0.000000
0.000000
-0.007812
0.000000
-0.003906
0.003906
-0.003906
0.003906
0.000000
0.000000
0.000000
0.015625
0.000000
-0.039062
0.019531
0.003906
-0.132812
0.000000
0.000000
-0.074219
0.000000
0.035156
0.000000
0.003906
0.000000
0.000000
0.011719
0.105469
0.000000
0.000000
-0.019531
0.000000
0.000000
-0.007812
0.000000
0.046875
0.101562
-0.054688
0.000000
-0.046875
0.003906
0.000000
0.085938
0.000000
0.000000
0.000000
0.000000
0.000000
0.003906
-0.054688
-0.003906
0.878906
0.003906
0.011719
0.027344
0.003906
0.000000
0.000000
0.000000
0.000000
-0.011719
0.445312
0.027344
0.007812
-0.078125
0.003906
0.000000
0.011719
0.046875
0.117188
0.000000
0.000000
0.000000
0.000000
0.000000
0.000000
0.003906
0.003906
0.324219
0.007812
0.023438
-0.003906
0.000000
0.003906
0.000000
0.000000
0.000000
0.031250
-0.023438
0.000000
0.000000
-0.003906
0.007812
0.000000
0.003906
-0.011719
0.007812
0.003906
0.000000
0.007812
0.000000
0.000000
0.000000
0.011719
-0.003906
0.000000
0.031250
0.023438
0.035156
0.000000
0.003906
0.031250
0.015625
0.003906
0.000000
0.000000
0.015625
0.000000
0.011719
0.000000
0.218750
0.000000
0.003906
-0.019531
0.015625
0.000000
-0.015625
0.015625
0.000000
0.000000
0.000000
0.027344
0.000000
0.003906
0.000000
-0.011719
0.000000
0.011719
0.410156
0.000000
-0.003906
0.000000
0.000000
0.019531
0.000000
0.000000
0.000000
-0.003906
0.000000
0.000000
0.000000
0.000000
0.003906
0.000000
0.000000
0.000000
0.062500
0.000000
-0.003906
0.082031
0.000000
0.000000
0.003906
0.000000
0.003906
0.000000
0.035156
0.003906
0.000000
0.207031
0.000000
0.000000
0.003906
0.000000
-0.015625
0.000000
0.000000
0.050781
0.000000
0.007812
0.007812
-0.003906
0.000000
0.000000
0.000000
0.000000
0.000000
0.000000
-0.015625
0.000000
0.015625
-0.003906
0.000000
0.019531
0.000000
0.007812
-0.003906
0.000000
0.000000
-0.003906
0.000000
-0.023438
0.000000
0.000000
0.000000
0.031250
0.007812
1.691406
-0.054688
0.000000
0.062500
0.003906
-0.003906
0.117188
-0.003906
0.000000
0.000000
0.000000
-0.015625
0.000000
0.000000
-0.035156
0.000000
0.089844
0.011719
0.011719
-0.042969
0.000000
0.000000
-0.011719
0.015625
0.000000
0.000000
0.000000
0.000000
0.000000
0.085938
0.000000
0.003906
0.000000
0.007812
0.003906
0.109375
0.000000
0.000000
0.000000
-0.027344
-0.003906
0.000000
0.132812
-0.007812
0.000000
0.000000
-0.011719
0.000000
0.000000
0.007812
0.007812
0.000000
-0.019531
0.000000
0.003906
-0.082031
0.000000
0.000000
0.011719
0.011719
0.015625
0.000000
0.000000
0.000000
0.000000
0.000000
0.000000
0.000000
0.000000
0.011719
-0.007812
0.000000
-0.003906
-0.011719
0.011719
0.000000
0.035156
0.003906
-0.035156
0.000000
0.000000
-0.035156
0.011719
-0.011719
0.000000
0.000000
0.070312
0.000000
0.000000
-0.007812
0.000000
0.070312
0.003906
0.000000
0.000000
0.000000
0.007812
0.000000
-0.007812
0.000000
0.000000
0.000000
0.000000
0.000000
0.007812
-0.019531
-0.023438
0.082031
0.046875
0.003906
0.000000
0.011719
0.000000
0.000000
0.000000
0.000000
0.000000
0.000000
0.000000
0.000000
-0.007812
0.000000
-0.031250
-0.019531
0.000000
0.000000
0.007812
0.000000
0.003906
0.000000
0.007812
0.000000
0.000000
0.000000
0.000000
0.031250
-0.039062
0.109375
-0.003906
0.011719
-0.019531
0.042969
0.066406
0.988281
0.460938
0.000000
0.000000
0.000000
0.000000
-0.011719
0.000000
0.003906
0.015625
-0.003906
0.000000
0.000000
0.000000
0.000000
0.000000
0.007812
-0.007812
0.000000
-0.003906
0.000000
0.000000
0.121094
0.000000
0.015625
0.105469
0.000000
0.000000
0.042969
0.019531
0.023438
0.050781
0.003906
0.000000
0.000000
0.000000
0.011719
0.000000
0.000000
-0.007812
0.203125
0.000000
0.000000
0.027344
0.000000
0.000000
0.019531
0.000000
-0.039062
0.000000
0.011719
0.007812
0.207031
0.000000
0.000000
0.000000
0.000000
0.003906
0.000000
0.000000
0.000000
0.003906
0.000000
0.000000
0.019531
0.000000
0.015625
0.000000
0.003906
0.000000
0.000000
0.003906
0.007812
0.000000
0.000000
0.000000
-0.003906
0.031250
0.023438
0.000000
0.070312
0.000000
0.000000
0.000000
0.000000
0.000000
0.007812
0.003906
0.000000
0.000000
0.031250
0.000000
0.003906
0.003906
0.003906
0.003906
0.000000
-0.031250
0.000000
0.011719
0.000000
0.000000
0.000000
0.000000
0.000000
0.000000
0.023438
0.023438
0.000000
0.023438
0.000000
0.000000
0.000000
0.003906
0.000000
0.000000
-0.039062
0.000000
0.007812
0.003906
0.000000
0.000000
0.777344
0.000000
0.000000
-0.007812
0.992188
0.000000
0.000000
0.003906
0.000000
0.000000
0.000000
0.000000
0.039062
-0.058594
-0.003906
0.000000
0.019531
0.003906
0.000000
0.058594
0.007812
0.066406
0.003906
0.042969
0.000000
0.000000
-0.003906
-0.003906
0.000000
0.000000
0.070312
0.000000
0.000000
-0.003906
0.000000
0.007812
0.000000
0.000000
0.000000
0.000000
0.003906
-0.019531
0.000000
0.027344
-0.035156
-0.023438
-0.003906
-0.054688
0.003906
0.000000
0.000000
0.000000
0.003906
0.007812
0.000000
0.000000
0.011719
0.000000
0.000000
0.000000
0.000000
0.000000
0.000000
0.015625
0.000000
0.000000
0.000000
0.003906
0.000000
0.000000
0.000000
0.000000
0.000000
0.007812
0.027344
0.656250
0.000000
0.054688
0.011719
0.000000
-0.007812
0.000000
0.000000
0.000000
0.000000
1.234375
0.000000
0.000000
0.000000
0.000000
0.000000
0.000000
0.007812
0.000000
0.027344
0.000000
0.000000
0.000000
0.003906
0.000000
0.007812
0.000000
0.000000
-0.011719
-0.031250
0.000000
0.000000
0.000000
0.000000
0.000000
0.003906
0.000000
0.011719
-0.011719
-0.011719
0.156250
-0.003906
-0.031250
0.000000
0.000000
-0.003906
0.027344
-0.011719
0.078125
-0.093750
0.000000
0.003906
0.000000
0.003906
-0.066406
0.000000
-0.039062
-0.007812
0.003906
0.000000
0.003906
0.000000
0.000000
0.000000
0.035156
0.003906
0.007812
0.035156
0.000000
0.015625
-0.007812
0.000000
0.019531
0.000000
0.023438
0.000000
0.000000
0.000000
0.000000
0.097656
0.000000
0.000000
0.003906
-0.023438
0.000000
0.000000
0.019531
0.019531
0.007812
0.000000
0.000000
0.000000
0.000000
0.000000
0.000000
0.000000
0.000000
-0.050781
0.003906
1.410156
0.000000
0.000000
0.019531
0.000000
0.000000
0.000000
0.000000
-0.027344
0.000000
0.000000
0.812500
0.000000
0.000000
0.000000
0.101562
0.003906
0.031250
0.000000
0.000000
0.000000
0.000000
0.039062
0.000000
-0.003906
0.003906
0.000000
0.000000
0.140625
-0.035156
-0.007812
0.000000
0.000000
0.000000
0.000000
0.000000
0.070312
0.000000
-0.007812
0.000000
-0.011719
0.000000
0.000000
0.011719
-0.015625
0.000000
0.000000
0.054688
0.000000
0.000000
0.000000
0.000000
0.015625
0.000000
0.003906
0.000000
0.117188
0.023438
0.003906
-0.070312
0.000000
-0.062500
0.003906
0.039062
0.003906
-0.187500
0.000000
0.000000
0.003906
0.000000
0.093750
0.000000
0.097656
0.000000
0.000000
-0.058594
0.000000
0.000000
0.000000
0.000000
0.000000
0.000000
-0.027344
-0.054688
0.035156
0.000000
0.000000
0.000000
0.000000
0.011719
-0.093750
0.003906
-0.050781
0.003906
0.000000
-0.027344
0.000000
0.039062
0.023438
0.000000
0.003906
0.003906
0.000000
0.011719
-0.003906
-0.042969
0.003906
0.003906
0.003906
-0.007812
0.023438
0.000000
0.000000
0.000000
0.000000
0.000000
0.000000
0.000000
0.003906
0.000000
0.000000
0.000000
0.000000
-0.007812
0.000000
0.000000
0.000000
-0.019531
0.007812
0.007812
-0.007812
0.000000
0.000000
0.000000
0.000000
0.000000
0.007812
0.000000
0.000000
0.000000
0.000000
0.000000
0.000000
0.000000
0.000000
0.000000
0.000000
0.019531
0.000000
0.015625
0.000000
-0.019531
-0.089844
0.000000
0.000000
0.000000
0.000000
0.000000
0.070312
0.000000
0.000000
0.000000
-0.023438
0.000000
0.027344
0.078125
0.000000
0.011719
0.000000
-0.011719
-0.011719
0.011719
-0.007812
0.003906
-0.046875
0.003906
0.000000
0.011719
0.003906
0.003906
0.000000
0.000000
0.000000
0.000000
-0.039062
0.000000
-0.015625
0.000000
0.125000
0.031250
0.000000
0.000000
0.000000
0.000000
0.000000
0.000000
0.011719
0.000000
0.000000
0.000000
0.000000
0.000000
0.000000
0.003906
0.011719
0.000000
0.054688
0.003906
0.003906
0.039062
0.000000
-0.031250
0.000000
0.000000
0.000000
0.000000
-0.003906
0.000000
0.000000
0.195312
0.000000
-0.199219
0.003906
0.000000
0.000000
0.000000
0.023438
0.000000
0.000000
-0.085938
0.000000
0.015625
0.039062
-0.050781
0.015625
0.000000
0.000000
0.003906
0.000000
0.000000
0.000000
-0.015625
0.003906
0.000000
0.796875
0.000000
0.000000
0.000000
0.000000
0.000000
0.105469
0.000000
0.046875
0.000000
0.074219
0.003906
-0.003906
0.179688
0.003906
0.000000
0.000000
-0.003906
0.000000
0.000000
0.054688
0.015625
0.000000
-0.117188
0.000000
0.003906
-0.027344
0.000000
-0.011719
0.000000
0.003906
0.011719
0.000000
0.000000
0.003906
0.000000
0.000000
0.011719
0.000000
-0.003906
0.003906
0.007812
0.000000
0.000000
0.000000
0.000000
0.003906
0.000000
0.000000
0.000000
0.011719
0.000000
0.000000
0.000000
0.000000
0.000000
0.000000
1.667969
0.000000
-0.039062
0.007812
0.000000
0.035156
0.000000
0.000000
0.000000
-0.003906
-0.007812
-0.058594
0.000000
0.039062
0.000000
0.000000
0.000000
0.000000
