0.003906
0.000000
0.000000
0.003906
0.054688
0.011719
-0.007812
0.000000
0.000000
0.003906
-0.003906
0.000000
-0.003906
0.000000
0.000000
0.007812
0.019531
0.015625
0.000000
0.003906
-0.007812
0.000000
0.003906
0.000000
0.000000
0.000000
-0.003906
0.000000
-0.007812
0.000000
0.007812
0.000000
0.000000
0.000000
0.000000
-0.003906
0.003906
-0.007812
0.000000
0.000000
-0.015625
0.000000
-0.003906
0.000000
0.000000
0.000000
0.000000
0.000000
0.000000
0.019531
0.031250
0.074219
0.000000
0.015625
0.000000
0.000000
-0.003906
-0.011719
0.000000
0.000000
0.000000
0.019531
0.000000
0.000000
0.003906
0.000000
-0.003906
0.000000
-0.023438
0.000000
0.000000
0.000000
0.000000
0.000000
0.000000
-0.003906
0.000000
0.000000
0.011719
0.269531
0.000000
0.000000
0.000000
0.011719
0.000000
0.062500
0.000000
0.003906
0.003906
0.000000
0.000000
0.000000
0.000000
0.000000
0.000000
0.000000
0.000000
0.000000
0.015625
0.000000
0.000000
0.000000
0.000000
0.000000
0.000000
-0.003906
0.000000
0.000000
0.003906
-0.554688
0.003906
0.000000
0.003906
0.000000
-0.007812
0.000000
-0.324219
0.011719
0.000000
0.355469
0.000000
0.015625
0.000000
-0.015625
-0.003906
0.000000
-0.007812
0.046875
0.000000
0.003906
0.000000
0.015625
0.000000
0.000000
0.000000
-0.125000
-0.031250
0.000000
0.000000
-0.023438
0.000000
0.035156
-0.003906
0.000000
-0.023438
0.000000
0.000000
0.007812
0.000000
0.000000
0.000000
0.000000
0.000000
-0.019531
0.035156
0.000000
0.003906
-0.503906
-0.117188
0.000000
0.000000
0.000000
0.039062
0.000000
0.007812
0.000000
0.000000
-0.003906
0.000000
0.000000
0.000000
-0.031250
0.015625
-0.003906
0.000000
0.023438
0.000000
0.000000
0.000000
0.000000
0.000000
0.003906
0.000000
0.003906
0.000000
0.000000
0.003906
0.003906
0.000000
0.003906
-0.011719
0.015625
0.003906
-0.019531
0.003906
0.003906
0.000000
0.000000
0.000000
0.003906
0.000000
0.000000
0.003906
-0.023438
0.000000
0.000000
0.003906
0.003906
0.007812
0.000000
0.000000
0.000000
0.007812
0.011719
0.000000
0.000000
0.000000
0.000000
0.007812
0.000000
0.000000
0.078125
0.000000
0.007812
0.007812
0.007812
0.000000
0.003906
0.000000
0.000000
-0.007812
0.000000
-0.011719
0.000000
0.000000
0.000000
0.000000
-0.003906
0.000000
-0.003906
0.000000
0.000000
0.000000
-0.003906
0.000000
0.000000
0.003906
0.000000
0.000000
-0.007812
0.000000
0.000000
0.000000
0.000000
-0.015625
0.000000
0.003906
0.011719
0.000000
-0.007812
0.011719
0.000000
0.019531
0.000000
0.035156
0.000000
0.019531
0.000000
0.000000
-0.011719
0.000000
-0.003906
0.000000
-0.039062
0.000000
0.003906
-0.039062
0.332031
0.003906
0.000000
0.000000
-0.019531
0.000000
0.000000
0.000000
0.000000
0.000000
0.000000
0.003906
0.000000
0.000000
0.000000
0.000000
0.000000
0.035156
0.000000
0.023438
-0.003906
0.000000
0.000000
0.000000
0.000000
0.019531
-0.019531
0.000000
0.000000
0.000000
0.000000
0.000000
0.007812
0.003906
0.000000
-0.007812
0.003906
-0.050781
0.066406
0.000000
0.000000
0.000000
0.015625
0.000000
0.027344
0.000000
0.000000
0.003906
0.000000
0.035156
0.000000
0.000000
0.000000
0.000000
-0.015625
-0.003906
0.003906
0.019531
-0.007812
0.000000
-0.007812
0.000000
-0.042969
0.000000
0.003906
0.000000
0.003906
0.003906
0.000000
0.000000
0.003906
-0.003906
-0.039062
0.000000
0.000000
-0.019531
0.003906
0.000000
0.000000
0.000000
0.003906
0.000000
-0.019531
-0.011719
0.007812
0.000000
0.000000
0.000000
0.000000
0.000000
-0.003906
-0.007812
0.000000
0.003906
0.000000
0.011719
0.000000
0.000000
-0.011719
0.000000
0.003906
0.000000
0.000000
-0.011719
0.000000
0.000000
0.000000
0.000000
0.042969
0.000000
0.000000
-0.019531
0.000000
0.000000
0.000000
0.019531
0.000000
0.000000
0.000000
0.000000
0.027344
0.000000
0.000000
0.007812
0.000000
0.000000
0.000000
0.003906
0.000000
-0.011719
-0.011719
0.000000
-0.035156
0.000000
0.000000
0.000000
0.000000
0.003906
0.000000
-0.023438
0.000000
0.039062
0.000000
0.066406
0.000000
0.046875
0.015625
-0.003906
0.000000
0.003906
0.000000
0.000000
-0.019531
0.007812
0.000000
0.000000
0.000000
0.000000
0.000000
0.000000
0.000000
-0.003906
0.019531
0.035156
0.000000
0.000000
0.000000
0.000000
-0.015625
0.023438
0.000000
0.023438
0.000000
0.000000
0.000000
-0.003906
-0.011719
0.000000
-0.003906
0.011719
0.000000
0.011719
0.003906
0.000000
0.000000
0.007812
-0.003906
0.000000
-0.011719
0.000000
0.011719
0.000000
0.039062
0.000000
0.000000
0.000000
-0.019531
0.000000
-0.007812
0.007812
0.003906
0.000000
0.000000
0.000000
0.000000
0.000000
0.000000
0.000000
0.000000
-0.003906
0.015625
0.000000
0.000000
0.000000
0.000000
0.000000
0.015625
0.000000
-0.011719
-0.050781
0.000000
0.003906
0.000000
0.000000
0.000000
-0.074219
0.000000
0.000000
0.000000
0.000000
0.062500
0.000000
-0.023438
0.007812
0.000000
0.003906
0.000000
0.000000
0.000000
0.000000
0.000000
0.000000
0.003906
0.000000
0.000000
0.000000
-0.003906
0.000000
0.042969
0.000000
0.089844
0.003906
0.000000
0.000000
-0.003906
0.039062
0.011719
0.000000
0.000000
0.000000
0.000000
0.000000
-0.007812
0.000000
0.003906
0.000000
0.003906
-0.007812
0.000000
0.000000
0.019531
0.000000
0.003906
0.222656
0.000000
0.000000
0.000000
-0.003906
0.007812
0.000000
0.000000
0.000000
-0.003906
0.000000
0.000000
0.000000
0.000000
0.000000
-0.023438
0.000000
0.000000
0.000000
0.015625
0.000000
0.000000
0.000000
0.000000
0.003906
0.000000
0.000000
0.000000
0.000000
0.000000
0.000000
0.000000
0.000000
-0.011719
-0.003906
0.000000
0.000000
0.000000
-0.003906
-0.007812
-0.027344
0.007812
0.000000
0.027344
0.011719
0.000000
0.000000
0.000000
0.000000
0.000000
0.000000
-0.019531
0.007812
0.000000
0.003906
0.000000
0.000000
0.000000
0.000000
0.000000
0.003906
0.000000
0.000000
-0.050781
0.000000
0.003906
-0.035156
0.000000
0.000000
0.000000
0.046875
0.000000
0.000000
0.003906
0.007812
0.000000
0.000000
0.000000
0.000000
0.000000
0.000000
-0.027344
0.000000
0.000000
-0.003906
0.000000
0.019531
0.003906
0.000000
0.000000
0.000000
0.003906
0.015625
0.000000
-0.019531
0.000000
0.007812
0.027344
0.000000
0.007812
0.007812
-0.035156
-0.007812
0.000000
0.000000
0.007812
0.000000
0.011719
0.007812
0.000000
0.000000
0.000000
-0.019531
0.000000
0.000000
0.000000
-0.003906
0.000000
0.042969
0.000000
0.003906
0.000000
0.000000
0.000000
0.000000
0.046875
0.000000
0.000000
0.007812
0.000000
0.000000
0.000000
0.000000
0.000000
0.105469
0.007812
0.000000
0.000000
-0.007812
-0.007812
0.003906
0.000000
0.000000
0.082031
0.019531
0.000000
-0.011719
0.000000
0.000000
0.000000
-0.132812
0.019531
-0.007812
0.000000
-0.007812
0.000000
0.019531
0.000000
0.003906
-0.003906
-0.007812
0.003906
0.000000
0.000000
0.003906
0.000000
0.000000
0.015625
0.007812
0.000000
0.000000
0.000000
0.000000
0.007812
0.000000
0.000000
0.000000
0.000000
0.000000
0.003906
0.000000
0.003906
0.000000
0.000000
0.000000
0.000000
0.000000
0.000000
0.000000
0.003906
0.003906
0.000000
-0.019531
-0.046875
0.000000
0.000000
-0.011719
0.000000
0.000000
0.007812
0.011719
-0.003906
0.015625
0.007812
0.050781
-0.007812
0.000000
0.000000
0.019531
0.007812
0.000000
0.000000
-0.050781
-0.011719
0.000000
0.000000
0.000000
0.003906
0.000000
-0.015625
0.000000
-0.062500
-0.015625
-0.031250
0.000000
0.000000
0.000000
0.000000
0.003906
0.000000
0.000000
0.000000
0.000000
0.000000
0.058594
0.000000
0.000000
0.000000
-0.031250
0.000000
0.003906
0.000000
0.000000
0.000000
0.000000
0.000000
-0.019531
0.054688
0.000000
0.000000
0.000000
0.000000
0.000000
0.000000
0.000000
0.000000
0.000000
0.003906
0.011719
0.000000
0.097656
0.000000
0.000000
0.000000
-0.003906
0.000000
0.003906
0.011719
-0.003906
-0.019531
-0.019531
0.000000
0.000000
0.000000
0.000000
0.000000
0.000000
0.000000
-0.007812
0.000000
-0.054688
0.007812
0.000000
0.003906
0.000000
0.226562
0.003906
-0.023438
-0.003906
0.000000
0.000000
-0.011719
0.003906
0.000000
0.003906
0.000000
0.000000
-0.015625
0.000000
0.000000
0.019531
0.011719
-0.042969
0.000000
0.000000
0.031250
0.000000
0.000000
0.000000
0.039062
0.000000
-0.046875
0.000000
-0.093750
0.000000
0.000000
0.000000
0.000000
0.007812
-0.023438
0.000000
-0.070312
0.000000
0.000000
0.000000
-0.035156
0.000000
0.000000
0.000000
-0.011719
0.000000
0.011719
0.000000
0.000000
0.000000
0.000000
0.035156
0.000000
0.000000
-0.019531
0.000000
0.000000
-0.023438
0.007812
0.000000
0.000000
0.000000
-0.007812
0.015625
-0.179688
0.000000
0.000000
0.000000
-0.035156
0.046875
0.000000
0.000000
0.000000
0.000000
0.000000
0.003906
0.000000
0.046875
0.000000
0.003906
0.000000
0.000000
0.000000
0.000000
0.000000
0.000000
0.000000
0.000000
0.000000
0.000000
0.003906
0.015625
0.019531
0.000000
-0.003906
0.000000
0.007812
0.000000
0.011719
-0.003906
0.000000
0.015625
0.003906
0.031250
0.000000
0.000000
-0.011719
0.000000
0.000000
0.000000
0.000000
0.000000
0.000000
0.000000
-0.382812
-0.027344
0.000000
-0.007812
0.000000
0.000000
0.000000
0.000000
0.000000
0.000000
0.007812
0.000000
0.011719
0.000000
0.011719
0.003906
0.000000
0.000000
-0.003906
0.000000
0.000000
0.000000
0.000000
0.000000
0.000000
0.000000
0.003906
0.000000
0.000000
0.011719
0.000000
-0.011719
-0.007812
0.000000
0.000000
0.000000
0.000000
0.000000
0.000000
0.000000
0.054688
-0.015625
0.000000
0.003906
0.000000
0.000000
0.000000
0.000000
-0.003906
0.000000
0.000000
0.000000
-0.046875
-0.058594
0.000000
0.000000
-0.019531
-0.027344
0.000000
0.000000
0.000000
0.000000
0.000000
0.000000
-0.285156
0.000000
0.000000
0.000000
0.000000
0.000000
-0.003906
0.015625
-0.023438
0.003906
0.000000
0.058594
0.011719
0.000000
-0.015625
0.007812
0.011719
0.000000
0.000000
0.000000
0.000000
0.000000
0.003906
-0.027344
-0.007812
0.000000
0.000000
0.000000
0.000000
0.003906
0.000000
0.000000
0.015625
0.000000
0.000000
0.000000
0.003906
0.000000
-0.003906
0.000000
0.003906
0.000000
0.000000
0.000000
0.000000
0.000000
0.000000
0.000000
0.023438
0.000000
0.000000
0.000000
0.003906
0.000000
0.015625
-0.023438
0.000000
0.000000
-0.015625
0.019531
0.000000
0.000000
-0.019531
0.007812
-0.007812
0.003906
0.011719
0.000000
0.000000
-0.007812
0.000000
0.000000
0.058594
0.000000
0.000000
0.000000
0.007812
0.007812
-0.003906
0.000000
0.007812
0.000000
0.000000
0.000000
0.000000
0.003906
0.000000
0.000000
0.000000
0.000000
0.000000
0.000000
0.000000
0.000000
0.000000
0.000000
0.003906
0.000000
0.003906
0.000000
0.058594
0.000000
0.003906
0.000000
0.011719
0.000000
0.000000
0.003906
0.000000
0.000000
-0.042969
0.003906
0.019531
0.000000
0.000000
0.000000
0.000000
-0.007812
0.000000
0.000000
0.003906
0.000000
0.000000
0.000000
-0.007812
0.007812
0.000000
0.000000
0.000000
-0.003906
0.039062
0.000000
0.054688
0.000000
-0.003906
-0.003906
0.003906
0.000000
-0.003906
0.000000
0.000000
0.000000
0.000000
0.000000
0.000000
0.000000
0.000000
0.000000
-0.007812
0.000000
0.000000
0.000000
0.000000
0.015625
0.000000
0.000000
0.000000
0.000000
0.000000
0.011719
0.148438
0.000000
0.000000
0.000000
0.003906
0.003906
-0.027344
0.000000
0.007812
0.000000
0.003906
0.000000
0.015625
-0.019531
0.000000
-0.019531
-0.003906
0.000000
0.000000
0.000000
0.000000
0.000000
0.000000
0.000000
0.000000
0.000000
0.000000
0.000000
0.000000
-0.011719
-0.003906
0.000000
0.000000
0.011719
0.000000
0.003906
0.003906
0.000000
-0.023438
-0.015625
0.000000
0.000000
0.007812
0.000000
0.000000
0.000000
0.000000
0.000000
0.000000
0.015625
0.011719
0.019531
0.000000
0.003906
-0.078125
0.000000
0.000000
0.000000
0.000000
-0.015625
0.003906
0.000000
0.000000
0.000000
0.000000
0.000000
0.000000
0.000000
0.000000
0.000000
0.000000
-0.019531
0.000000
0.000000
-0.003906
-0.011719
0.000000
0.000000
0.000000
0.000000
0.000000
0.007812
0.000000
0.000000
0.000000
0.000000
0.003906
0.000000
0.000000
0.000000
0.011719
0.000000
0.000000
0.011719
0.011719
-0.003906
0.000000
0.066406
0.066406
0.000000
0.000000
0.027344
0.023438
0.003906
0.000000
0.000000
0.015625
0.007812
0.000000
0.000000
-0.011719
0.000000
-0.003906
0.000000
0.003906
-0.003906
0.000000
0.000000
0.000000
-0.011719
0.000000
0.011719
0.000000
0.000000
0.000000
0.015625
0.000000
-0.007812
0.007812
0.000000
0.003906
0.003906
0.000000
0.000000
0.023438
0.000000
0.000000
0.000000
-0.003906
0.000000
0.000000
0.000000
-0.007812
0.000000
0.011719
0.000000
0.000000
0.000000
-0.003906
0.000000
0.000000
0.000000
0.000000
0.027344
0.070312
0.007812
0.003906
0.007812
0.000000
0.000000
0.003906
0.000000
0.007812
0.070312
0.007812
0.000000
0.000000
0.000000
0.023438
0.023438
0.007812
0.000000
0.000000
0.003906
0.000000
0.000000
0.023438
0.000000
0.000000
0.000000
-0.015625
0.000000
0.000000
0.000000
0.000000
0.007812
0.000000
0.027344
-0.007812
0.019531
0.003906
0.000000
0.000000
-0.148438
0.000000
0.000000
0.003906
0.000000
0.000000
0.000000
0.000000
0.000000
0.003906
0.000000
0.007812
0.000000
0.000000
0.019531
0.000000
0.007812
0.000000
0.000000
0.000000
-0.031250
0.003906
0.003906
0.000000
0.000000
0.000000
0.000000
-0.003906
0.000000
-0.007812
0.015625
0.000000
0.000000
0.003906
0.000000
0.000000
0.000000
0.000000
-0.003906
0.058594
0.000000
0.000000
0.000000
0.000000
0.000000
0.000000
0.000000
0.015625
0.003906
-0.097656
0.019531
0.000000
0.000000
0.000000
0.000000
0.003906
0.000000
0.000000
-0.015625
0.000000
0.000000
0.000000
0.000000
0.000000
0.000000
0.000000
0.000000
0.015625
-0.031250
0.000000
0.000000
0.000000
0.011719
0.000000
0.000000
0.007812
0.000000
0.019531
0.031250
0.000000
0.000000
0.000000
0.000000
0.000000
0.000000
0.000000
0.000000
0.000000
0.019531
0.000000
0.000000
0.000000
0.000000
0.000000
0.003906
0.000000
0.003906
-0.019531
0.000000
0.000000
0.011719
0.007812
0.003906
0.000000
0.003906
0.007812
0.000000
0.000000
-0.019531
0.000000
0.019531
0.000000
0.000000
0.003906
0.000000
0.000000
-0.050781
0.000000
0.000000
-0.003906
0.000000
0.011719
-0.062500
0.000000
0.000000
0.000000
0.000000
0.000000
0.000000
0.000000
0.003906
0.015625
0.000000
0.003906
-0.039062
0.000000
0.000000
0.000000
0.000000
0.000000
0.000000
0.000000
0.000000
-0.003906
0.000000
0.000000
-0.046875
0.000000
-0.027344
0.000000
0.000000
0.000000
0.000000
0.000000
0.046875
-0.304688
0.000000
0.000000
0.000000
0.000000
-0.003906
0.000000
0.000000
0.000000
0.003906
0.000000
0.000000
-0.011719
0.003906
0.000000
0.000000
0.003906
-0.015625
-0.003906
0.000000
0.000000
0.000000
0.000000
0.000000
0.000000
0.000000
0.000000
0.000000
0.000000
0.000000
0.000000
0.000000
0.000000
0.000000
0.003906
0.003906
0.000000
0.000000
0.023438
0.000000
0.003906
0.066406
0.000000
0.011719
0.039062
0.000000
0.019531
0.003906
0.000000
0.007812
0.031250
0.000000
0.000000
0.000000
0.058594
0.000000
0.000000
0.000000
0.000000
0.000000
-0.027344
0.000000
-0.007812
0.000000
0.000000
0.000000
0.007812
0.007812
0.000000
-0.003906
0.007812
0.000000
-0.042969
0.000000
0.000000
-0.011719
0.027344
0.000000
-0.113281
-0.011719
0.000000
0.007812
0.011719
0.000000
0.000000
0.000000
0.000000
0.000000
0.000000
-0.003906
0.000000
0.000000
0.000000
0.000000
0.000000
0.000000
-0.007812
0.000000
0.000000
0.000000
0.007812
0.000000
-0.019531
0.000000
0.000000
0.000000
0.000000
0.000000
0.000000
0.007812
0.070312
0.000000
0.000000
0.000000
0.000000
0.000000
0.000000
0.000000
0.015625
0.000000
-0.035156
0.000000
-0.019531
0.011719
0.000000
0.058594
0.000000
0.039062
0.003906
0.000000
0.000000
-0.003906
0.000000
0.000000
0.000000
0.003906
0.000000
0.000000
-0.007812
0.000000
0.011719
0.050781
0.000000
0.031250
-0.003906
0.000000
0.000000
0.000000
-0.003906
0.000000
0.000000
0.000000
-0.007812
0.000000
0.000000
0.003906
0.000000
0.000000
0.000000
-0.015625
-0.015625
0.000000
0.000000
0.000000
0.000000
0.007812
0.000000
0.000000
0.000000
0.000000
0.000000
0.007812
0.000000
0.000000
0.000000
0.015625
0.000000
0.000000
0.000000
0.007812
0.007812
0.000000
0.000000
0.000000
-0.011719
0.000000
0.000000
0.000000
0.000000
0.007812
0.000000
0.000000
-0.003906
0.019531
0.000000
0.062500
0.019531
0.011719
0.007812
0.003906
0.003906
0.000000
0.007812
0.000000
0.000000
0.023438
0.000000
-0.007812
0.000000
-0.082031
0.000000
-0.101562
0.011719
0.000000
0.000000
0.000000
0.000000
0.000000
0.000000
0.000000
-0.003906
0.011719
0.000000
-0.003906
0.031250
-0.011719
-0.015625
-0.007812
0.000000
0.000000
0.003906
-0.003906
0.000000
0.000000
0.000000
0.000000
0.000000
0.007812
0.000000
0.000000
0.011719
0.003906
0.003906
0.027344
0.000000
0.000000
0.011719
0.000000
-0.007812
0.000000
0.000000
0.000000
0.066406
0.000000
0.000000
-0.058594
0.000000
-0.011719
0.027344
0.000000
0.000000
0.003906
0.000000
0.000000
0.000000
-0.003906
0.003906
0.238281
0.000000
0.000000
-0.015625
0.000000
-0.035156
0.003906
0.000000
-0.058594
0.000000
-0.011719
0.000000
0.000000
0.000000
-0.015625
0.000000
0.000000
0.003906
0.000000
-0.011719
0.000000
0.000000
0.000000
0.000000
0.000000
0.000000
0.000000
-0.003906
-0.003906
0.003906
0.000000
0.003906
0.000000
0.011719
0.000000
0.000000
-0.011719
-0.027344
0.003906
0.000000
0.000000
0.003906
0.003906
-0.003906
0.000000
0.000000
0.000000
0.000000
-0.144531
0.000000
0.027344
0.035156
0.000000
0.000000
0.000000
0.000000
0.000000
0.000000
0.000000
0.000000
-0.003906
0.000000
0.000000
0.000000
-0.046875
0.015625
0.007812
-0.011719
0.000000
0.027344
0.039062
0.000000
0.027344
0.003906
0.000000
0.003906
0.007812
0.000000
0.000000
0.011719
0.000000
0.000000
0.000000
0.000000
0.000000
0.000000
0.003906
0.000000
0.000000
0.000000
0.000000
0.003906
0.000000
0.000000
0.000000
0.003906
0.000000
-0.003906
0.000000
0.000000
0.003906
0.000000
-0.015625
0.035156
-0.003906
0.000000
0.000000
0.000000
0.000000
0.000000
0.000000
0.007812
0.000000
0.000000
0.000000
0.015625
0.000000
0.000000
0.058594
0.000000
0.015625
0.000000
0.000000
0.003906
-0.003906
0.003906
0.000000
0.000000
0.000000
0.000000
0.000000
0.000000
0.000000
0.000000
0.003906
-0.019531
0.000000
0.000000
0.000000
0.000000
-0.023438
-0.023438
0.000000
0.000000
0.000000
0.000000
0.000000
0.000000
-0.011719
0.011719
-0.019531
0.000000
0.000000
0.007812
0.000000
0.000000
-0.039062
-0.003906
0.019531
0.000000
0.000000
0.000000
0.000000
0.000000
0.039062
0.000000
0.000000
0.000000
0.000000
0.000000
-0.023438
0.000000
0.000000
0.000000
0.023438
0.011719
0.003906
-0.011719
0.000000
0.000000
0.000000
0.000000
0.000000
0.000000
0.000000
0.015625
0.000000
0.000000
0.000000
0.000000
0.000000
0.023438
-0.027344
0.000000
-0.003906
0.003906
0.000000
0.000000
0.039062
0.000000
0.000000
0.000000
0.000000
0.000000
0.000000
0.000000
0.000000
0.000000
0.023438
-0.015625
0.019531
-0.035156
0.003906
0.003906
0.000000
0.003906
0.000000
0.011719
0.000000
-0.042969
0.035156
0.000000
0.000000
-0.007812
0.003906
0.000000
0.000000
0.000000
0.027344
0.003906
0.015625
-0.015625
0.000000
0.000000
0.000000
0.000000
-0.007812
0.000000
0.000000
0.000000
0.019531
0.003906
0.000000
0.003906
0.000000
0.000000
0.000000
0.023438
0.000000
0.000000
0.000000
0.003906
0.000000
0.000000
-0.003906
0.000000
0.000000
0.000000
0.000000
0.003906
0.000000
0.003906
0.003906
-0.039062
0.000000
0.000000
0.000000
0.000000
0.000000
0.003906
0.000000
0.000000
0.003906
0.000000
0.000000
0.000000
0.003906
0.054688
-0.003906
0.000000
0.000000
0.000000
0.000000
-0.031250
0.000000
-0.050781
-0.023438
0.000000
-0.035156
0.000000
0.000000
0.007812
0.003906
0.000000
0.000000
0.000000
0.007812
0.000000
0.003906
0.000000
0.000000
0.000000
0.000000
0.000000
0.000000
0.000000
0.003906
-0.050781
0.000000
0.000000
0.000000
0.000000
0.011719
0.000000
0.000000
-0.015625
0.054688
0.000000
0.000000
0.000000
0.003906
0.000000
-0.015625
0.000000
0.000000
0.000000
0.007812
0.000000
0.003906
0.000000
0.000000
0.000000
0.000000
0.000000
0.000000
0.003906
0.000000
0.000000
0.007812
0.007812
0.000000
0.000000
0.000000
0.027344
0.000000
0.003906
0.000000
0.000000
0.007812
0.000000
0.003906
0.000000
0.000000
0.000000
0.035156
0.000000
0.000000
-0.003906
0.000000
0.000000
0.000000
0.000000
0.023438
-0.007812
0.000000
0.000000
0.000000
-0.027344
-0.007812
0.019531
0.000000
-0.003906
0.003906
0.000000
0.000000
0.000000
0.000000
0.000000
0.003906
0.000000
0.000000
-0.148438
0.000000
-0.003906
0.000000
0.015625
0.011719
0.007812
-0.015625
0.000000
0.000000
0.003906
-0.003906
-0.039062
-0.003906
0.000000
0.000000
0.000000
0.000000
0.003906
0.011719
0.007812
0.000000
0.000000
0.000000
0.000000
0.000000
0.000000
0.000000
0.000000
0.000000
0.000000
0.000000
0.000000
0.000000
0.000000
0.000000
0.000000
0.000000
0.003906
0.000000
0.003906
-0.003906
0.007812
0.000000
0.000000
0.000000
0.000000
0.000000
0.000000
-0.011719
0.011719
0.000000
0.000000
0.000000
0.000000
0.000000
0.000000
0.003906
0.007812
0.000000
0.000000
0.000000
0.000000
0.000000
0.000000
0.000000
0.000000
0.000000
0.000000
0.027344
0.000000
0.000000
0.003906
0.000000
-0.007812
0.000000
0.000000
0.000000
-0.046875
0.000000
0.000000
0.003906
0.000000
0.000000
-0.019531
0.023438
0.003906
-0.003906
0.000000
0.000000
0.000000
0.000000
0.000000
0.000000
0.000000
0.000000
-0.003906
0.000000
0.003906
0.000000
0.000000
0.000000
0.000000
0.007812
0.015625
0.035156
0.000000
0.000000
0.003906
0.000000
0.003906
0.000000
0.000000
0.000000
0.003906
0.000000
-0.003906
0.000000
0.019531
0.000000
-0.019531
0.000000
-0.011719
0.015625
0.000000
0.000000
0.000000
0.000000
0.000000
0.000000
0.000000
0.000000
0.000000
-0.027344
0.000000
0.000000
0.000000
0.000000
0.003906
0.023438
0.000000
0.000000
0.003906
0.000000
0.000000
0.000000
0.000000
0.000000
0.027344
0.000000
0.000000
-0.015625
-0.011719
0.000000
0.042969
0.000000
0.000000
0.000000
0.007812
0.003906
0.000000
0.000000
0.000000
0.000000
0.015625
0.003906
0.000000
0.003906
-0.019531
0.000000
-0.027344
0.000000
0.000000
0.000000
0.000000
0.011719
0.035156
-0.003906
0.000000
-0.015625
0.000000
0.000000
0.000000
-0.039062
0.000000
0.000000
0.000000
0.003906
-0.015625
0.000000
0.000000
0.023438
0.000000
0.000000
0.000000
0.000000
-0.062500
-0.007812
0.003906
0.000000
0.000000
0.000000
0.003906
-0.007812
0.000000
0.003906
0.000000
0.003906
0.007812
0.000000
0.003906
-0.011719
0.000000
0.000000
0.000000
0.000000
0.000000
0.000000
0.000000
0.003906
-0.003906
0.003906
0.000000
0.000000
0.003906
0.000000
0.000000
0.000000
0.000000
0.007812
0.000000
0.000000
0.000000
0.000000
0.000000
0.000000
0.000000
0.000000
0.003906
0.000000
0.007812
0.011719
0.011719
0.000000
0.007812
0.000000
0.339844
0.007812
0.000000
0.000000
0.000000
0.000000
-0.011719
-0.070312
0.000000
0.003906
0.000000
0.000000
0.000000
0.000000
0.000000
0.019531
0.007812
0.003906
0.007812
-0.007812
0.000000
0.000000
0.000000
0.023438
0.011719
0.019531
0.000000
0.000000
-0.019531
0.000000
0.007812
0.000000
0.000000
-0.031250
-0.003906
-0.003906
0.000000
0.000000
0.000000
0.000000
0.000000
0.000000
-0.015625
0.000000
-0.460938
0.007812
-0.097656
0.000000
0.257812
0.000000
-0.015625
0.000000
0.000000
-0.011719
0.027344
0.007812
0.003906
0.000000
0.000000
0.000000
0.000000
0.000000
0.023438
0.019531
0.000000
0.000000
0.000000
0.007812
0.000000
0.000000
0.000000
0.000000
-0.015625
0.000000
0.000000
0.000000
-0.007812
0.000000
0.000000
-0.023438
0.000000
0.003906
0.000000
0.000000
0.007812
0.000000
0.011719
0.000000
0.000000
0.000000
0.000000
0.000000
0.000000
0.000000
0.000000
0.003906
0.000000
0.000000
0.000000
0.011719
0.000000
0.000000
0.000000
0.007812
0.000000
0.000000
-0.011719
0.000000
0.000000
0.000000
0.000000
0.000000
0.000000
0.000000
0.000000
0.000000
0.019531
0.000000
0.000000
0.000000
-0.015625
0.000000
0.000000
0.000000
0.000000
0.000000
0.000000
0.000000
0.011719
-0.007812
0.000000
0.000000
0.000000
0.000000
-0.011719
0.000000
-0.015625
-0.007812
0.000000
0.000000
0.000000
0.000000
0.000000
0.000000
0.000000
0.000000
0.003906
0.000000
0.000000
0.000000
0.000000
0.000000
0.000000
0.000000
0.000000
0.027344
0.000000
0.000000
0.011719
0.000000
0.023438
-0.050781
-0.015625
0.000000
0.007812
-0.015625
0.000000
0.000000
0.000000
0.000000
0.003906
0.027344
-0.003906
0.000000
0.000000
0.000000
0.000000
0.000000
0.000000
0.000000
0.000000
0.000000
0.000000
0.093750
0.000000
0.027344
0.000000
0.000000
0.000000
0.000000
0.000000
0.000000
0.000000
0.000000
0.000000
0.003906
0.003906
0.000000
0.000000
0.003906
0.000000
0.003906
0.000000
0.003906
0.003906
0.000000
0.015625
-0.003906
0.058594
0.000000
0.000000
0.000000
-0.003906
0.003906
-0.003906
0.000000
-0.023438
0.000000
0.000000
0.105469
0.000000
0.003906
0.003906
0.000000
0.000000
0.000000
0.003906
0.000000
-0.003906
0.007812
0.000000
0.000000
0.000000
0.003906
-0.003906
-0.023438
0.000000
0.000000
-0.007812
0.003906
0.000000
-0.003906
0.007812
-0.003906
0.000000
0.000000
0.000000
0.000000
0.007812
0.019531
-0.023438
0.000000
0.000000
0.000000
0.000000
0.000000
0.000000
0.000000
-0.003906
0.000000
0.000000
0.000000
0.000000
0.000000
0.011719
0.003906
0.000000
0.000000
0.000000
0.000000
0.000000
0.000000
0.000000
0.000000
0.000000
0.000000
0.011719
0.000000
0.003906
0.003906
0.003906
0.000000
-0.011719
-0.003906
0.000000
0.000000
0.000000
0.000000
0.000000
0.000000
0.000000
0.007812
-0.011719
0.000000
0.000000
0.003906
0.000000
-0.027344
0.003906
-0.015625
0.000000
0.000000
0.000000
0.000000
0.011719
0.007812
0.000000
0.000000
0.000000
0.000000
0.000000
0.000000
0.003906
0.023438
0.000000
0.003906
0.000000
0.003906
0.000000
0.000000
0.003906
0.000000
0.003906
0.000000
0.000000
-0.078125
0.000000
0.078125
0.000000
0.000000
0.000000
0.000000
0.000000
0.000000
0.000000
0.000000
0.000000
0.000000
-0.031250
-0.003906
0.027344
0.000000
0.000000
0.027344
0.000000
0.000000
0.000000
0.000000
0.000000
0.000000
0.000000
0.000000
-0.023438
-0.007812
0.000000
0.000000
0.000000
0.035156
0.000000
0.000000
0.000000
0.000000
0.000000
0.000000
0.000000
0.027344
0.003906
0.039062
0.000000
0.000000
-0.003906
0.000000
0.000000
0.000000
0.000000
0.007812
0.000000
0.000000
0.000000
0.003906
0.011719
0.000000
0.011719
0.000000
0.000000
0.000000
0.000000
0.000000
0.000000
0.000000
0.042969
0.000000
0.000000
0.003906
0.000000
0.000000
0.000000
-0.046875
0.003906
0.000000
0.000000
-0.003906
0.000000
0.000000
-0.003906
0.000000
0.000000
-0.015625
0.000000
0.000000
0.000000
0.000000
0.000000
-0.015625
0.011719
0.000000
0.023438
0.000000
0.000000
0.000000
0.000000
0.000000
0.003906
0.000000
0.000000
0.000000
-0.003906
0.000000
0.000000
0.000000
0.000000
0.000000
-0.015625
0.000000
0.000000
0.000000
0.003906
0.000000
0.000000
0.000000
0.000000
0.000000
0.000000
-0.007812
0.011719
0.000000
0.000000
0.011719
0.003906
0.000000
0.000000
-0.015625
0.015625
0.000000
0.000000
0.000000
-0.007812
0.003906
0.015625
0.000000
0.000000
0.000000
0.019531
0.000000
0.000000
-0.031250
0.000000
0.000000
0.191406
0.000000
0.000000
0.000000
0.000000
0.000000
0.000000
0.000000
0.000000
0.000000
0.000000
0.000000
0.035156
0.000000
0.000000
0.015625
0.000000
0.000000
0.000000
0.000000
0.000000
0.000000
0.000000
0.000000
0.000000
0.000000
0.000000
-0.003906
0.000000
0.003906
0.000000
0.000000
0.000000
0.000000
0.000000
0.000000
0.000000
0.000000
0.007812
0.000000
0.000000
0.000000
-0.003906
0.000000
0.000000
0.011719
0.000000
0.000000
0.000000
0.000000
0.000000
0.000000
0.000000
0.000000
0.031250
-0.011719
0.000000
0.000000
0.003906
0.003906
-0.125000
-0.039062
0.000000
0.007812
0.000000
0.000000
0.000000
0.003906
0.015625
0.000000
0.011719
0.000000
0.000000
0.000000
0.000000
0.000000
0.000000
0.000000
0.000000
0.000000
0.000000
-0.058594
0.000000
0.000000
0.000000
0.007812
0.035156
0.000000
0.007812
0.003906
0.062500
0.003906
0.023438
-0.003906
0.000000
0.000000
0.000000
0.000000
0.000000
-0.031250
0.000000
0.019531
-0.007812
0.011719
0.000000
0.015625
0.000000
0.000000
0.000000
0.003906
0.000000
0.000000
0.000000
0.000000
0.171875
-0.039062
0.003906
0.000000
0.003906
-0.042969
0.011719
0.000000
0.000000
-0.011719
0.003906
0.000000
0.000000
-0.023438
0.019531
0.000000
0.000000
0.000000
0.003906
0.000000
0.000000
0.000000
0.000000
0.000000
0.027344
0.007812
0.000000
0.000000
-0.007812
0.000000
0.000000
-0.054688
0.000000
0.000000
0.019531
0.000000
0.000000
0.000000
0.000000
0.000000
0.000000
-0.023438
0.000000
-0.042969
0.007812
0.000000
0.000000
0.003906
0.000000
0.000000
-0.003906
0.000000
-0.003906
0.000000
-0.003906
0.003906
0.000000
0.003906
0.000000
0.000000
0.000000
0.000000
0.007812
0.000000
0.015625
0.000000
0.000000
0.000000
0.039062
0.035156
0.000000
0.011719
0.000000
0.000000
0.000000
0.000000
0.000000
0.000000
0.003906
0.000000
0.000000
-0.007812
0.027344
-0.011719
-0.019531
0.000000
0.000000
0.000000
0.015625
0.000000
0.000000
0.003906
0.011719
-0.007812
-0.003906
0.000000
0.000000
0.000000
-0.007812
0.007812
0.000000
0.000000
-0.019531
0.003906
-0.011719
0.000000
0.011719
0.007812
0.000000
0.000000
0.000000
0.000000
0.011719
0.000000
0.000000
0.000000
0.000000
0.000000
0.011719
0.000000
0.000000
0.000000
0.015625
0.000000
0.000000
0.000000
0.000000
-0.042969
0.000000
0.000000
0.007812
0.015625
0.000000
0.019531
0.000000
0.000000
0.000000
0.000000
0.000000
0.000000
-0.023438
0.003906
0.000000
0.000000
0.000000
-0.003906
0.000000
-0.015625
0.000000
0.000000
-0.042969
-0.003906
-0.011719
0.000000
0.000000
0.011719
0.011719
0.000000
0.000000
0.007812
0.015625
0.031250
0.000000
0.000000
0.003906
0.000000
0.000000
0.000000
0.000000
-0.007812
0.003906
-0.019531
-0.011719
0.035156
0.000000
0.000000
0.000000
0.000000
0.000000
0.000000
0.000000
0.000000
0.000000
0.023438
0.000000
0.031250
-0.011719
-0.035156
0.011719
0.000000
0.000000
0.000000
0.003906
0.000000
0.003906
0.027344
0.000000
0.000000
0.042969
0.011719
0.003906
-0.003906
-0.105469
0.015625
0.003906
0.000000
0.000000
0.000000
0.000000
0.000000
0.000000
0.007812
-0.007812
0.000000
-0.003906
0.015625
0.000000
0.000000
0.000000
0.003906
0.000000
0.000000
-0.027344
0.000000
0.000000
0.000000
0.000000
0.000000
0.000000
0.003906
-0.007812
0.000000
0.000000
0.011719
0.000000
0.000000
-0.003906
-0.023438
-0.039062
0.000000
0.000000
0.019531
0.042969
0.000000
0.000000
-0.019531
0.000000
0.000000
0.000000
0.011719
-0.023438
0.003906
0.000000
0.000000
-0.027344
0.000000
0.000000
-0.007812
-0.023438
0.000000
0.000000
0.000000
0.000000
0.000000
0.000000
0.000000
0.000000
0.007812
0.000000
0.003906
0.003906
0.000000
0.015625
0.000000
0.000000
0.000000
0.000000
-0.003906
0.000000
0.003906
0.000000
0.027344
0.000000
0.000000
0.000000
0.000000
0.000000
0.000000
-0.019531
0.000000
0.003906
0.000000
-0.007812
0.000000
0.000000
0.000000
0.003906
0.000000
0.003906
0.000000
-0.125000
0.000000
0.000000
-0.003906
0.000000
0.000000
-0.003906
0.000000
0.015625
0.000000
0.003906
-0.007812
0.000000
-0.007812
-0.019531
0.003906
0.000000
0.000000
0.000000
0.003906
0.000000
0.000000
0.007812
0.000000
0.011719
-0.007812
0.000000
-0.003906
0.000000
0.019531
-0.003906
0.000000
0.000000
0.007812
0.000000
0.000000
0.000000
0.000000
0.000000
-0.011719
0.000000
-0.164062
0.007812
0.000000
0.023438
0.000000
0.003906
0.003906
0.003906
0.000000
0.000000
0.000000
0.000000
0.000000
0.000000
0.023438
0.000000
0.000000
0.007812
-0.031250
0.003906
0.000000
0.000000
0.007812
-0.003906
0.000000
0.000000
0.000000
0.000000
0.000000
0.007812
0.000000
0.000000
0.000000
0.000000
0.000000
0.027344
0.000000
0.003906
-0.011719
-0.015625
0.000000
0.000000
-0.019531
0.000000
0.000000
0.003906
0.000000
0.000000
0.003906
0.000000
0.000000
0.000000
0.003906
0.000000
0.007812
0.039062
0.000000
0.000000
0.000000
0.000000
-0.003906
0.000000
0.000000
0.000000
0.000000
0.000000
0.000000
0.000000
0.000000
0.000000
0.000000
0.000000
0.007812
0.000000
0.003906
0.000000
0.000000
0.000000
0.011719
0.007812
0.000000
0.019531
-0.007812
0.003906
0.003906
0.000000
-0.058594
0.000000
0.000000
0.000000
0.000000
0.015625
-0.003906
0.000000
0.000000
0.000000
0.031250
0.000000
0.000000
0.000000
0.000000
0.000000
0.000000
0.000000
0.000000
0.023438
-0.007812
0.027344
-0.019531
0.000000
0.000000
0.000000
0.000000
-0.003906
0.000000
0.000000
0.003906
0.000000
0.000000
0.000000
0.000000
0.000000
-0.019531
0.011719
0.000000
0.007812
0.007812
0.003906
0.000000
0.000000
0.000000
0.003906
0.000000
0.000000
0.000000
0.000000
-0.042969
0.035156
0.000000
0.000000
0.003906
-0.027344
0.000000
-0.218750
0.000000
0.000000
0.000000
0.000000
0.000000
0.000000
0.000000
0.003906
0.015625
0.003906
0.000000
0.003906
0.000000
0.000000
0.000000
0.003906
0.000000
0.000000
-0.007812
0.000000
0.000000
-0.027344
0.000000
-0.015625
0.000000
0.000000
0.003906
0.003906
0.000000
0.007812
-0.015625
0.003906
0.000000
0.000000
0.000000
0.007812
0.000000
0.000000
-0.027344
-0.023438
0.000000
0.003906
0.000000
0.000000
0.000000
0.000000
0.000000
0.039062
0.000000
0.000000
0.000000
0.050781
0.000000
0.003906
0.000000
0.003906
-0.007812
0.000000
-0.015625
0.000000
0.000000
0.000000
0.000000
0.027344
0.000000
-0.007812
0.000000
0.000000
0.000000
-0.007812
0.003906
-0.011719
0.003906
0.000000
0.000000
0.000000
0.003906
-0.007812
0.000000
0.003906
0.000000
0.000000
0.000000
0.000000
0.003906
-0.007812
-0.003906
0.000000
0.000000
0.011719
0.000000
0.000000
0.003906
0.000000
0.000000
0.000000
-0.019531
0.000000
-0.003906
0.000000
0.000000
-0.003906
0.000000
0.003906
0.000000
0.000000
-0.019531
0.000000
0.007812
0.000000
0.000000
-0.003906
0.000000
0.000000
0.000000
0.011719
0.000000
0.000000
0.019531
0.003906
0.003906
0.375000
0.000000
0.000000
0.000000
0.167969
0.000000
-0.007812
-0.007812
0.000000
0.000000
0.000000
0.000000
-0.011719
0.019531
0.003906
0.000000
-0.015625
0.011719
0.000000
-0.011719
-0.003906
0.000000
0.000000
-0.007812
0.000000
0.000000
0.000000
0.000000
0.003906
0.000000
-0.050781
0.000000
0.000000
0.000000
0.000000
0.000000
0.000000
0.000000
0.000000
0.000000
0.000000
0.003906
0.000000
0.007812
0.019531
-0.015625
-0.027344
-0.003906
0.003906
0.000000
0.000000
0.000000
0.000000
0.003906
0.007812
0.000000
0.003906
0.000000
0.007812
0.000000
0.000000
0.000000
0.000000
0.000000
0.003906
0.000000
0.000000
0.000000
0.000000
0.000000
0.000000
0.003906
0.003906
-0.023438
-0.058594
-0.054688
0.000000
-0.023438
0.000000
0.000000
-0.011719
0.000000
0.000000
0.000000
0.000000
-0.265625
0.000000
0.000000
0.000000
0.000000
0.003906
0.000000
0.003906
0.000000
0.007812
0.000000
-0.054688
0.000000
0.003906
0.000000
-0.019531
0.000000
0.000000
0.023438
0.003906
0.000000
0.000000
0.000000
0.007812
0.000000
0.000000
0.000000
0.007812
0.007812
0.000000
0.000000
-0.007812
0.019531
0.000000
0.000000
0.000000
-0.027344
-0.007812
0.000000
-0.031250
0.000000
0.003906
0.000000
0.000000
0.035156
0.000000
0.019531
-0.027344
0.000000
0.000000
0.000000
0.000000
0.000000
0.000000
0.007812
0.000000
-0.007812
-0.019531
0.000000
0.000000
0.000000
0.000000
0.027344
0.000000
0.015625
0.000000
0.000000
0.000000
0.000000
0.000000
-0.011719
0.000000
0.000000
0.000000
0.000000
0.000000
-0.007812
-0.003906
0.019531
-0.003906
0.000000
0.000000
0.000000
0.000000
0.000000
0.000000
0.000000
0.070312
0.000000
0.250000
0.000000
0.000000
0.000000
0.000000
0.000000
0.015625
0.000000
-0.003906
0.000000
-0.003906
-0.183594
0.000000
0.000000
0.000000
0.007812
0.000000
0.000000
0.000000
0.000000
0.000000
0.000000
0.042969
0.000000
0.003906
0.058594
0.000000
0.000000
-0.050781
0.000000
0.003906
0.000000
0.000000
0.003906
0.000000
-0.007812
0.019531
0.000000
-0.019531
0.000000
-0.007812
-0.003906
0.000000
0.000000
-0.003906
0.000000
0.000000
-0.011719
0.000000
0.003906
0.000000
0.000000
-0.023438
0.011719
-0.019531
0.000000
-0.015625
0.011719
0.035156
-0.023438
0.000000
-0.023438
0.000000
0.019531
0.011719
-0.031250
0.000000
0.003906
0.000000
0.000000
0.003906
0.000000
-0.101562
-0.003906
0.003906
0.019531
0.000000
0.007812
0.000000
0.000000
0.000000
0.000000
0.019531
0.000000
-0.027344
0.000000
0.000000
0.000000
0.000000
0.000000
-0.039062
0.000000
-0.011719
0.000000
0.000000
0.015625
0.027344
0.000000
-0.003906
0.000000
0.000000
0.000000
0.000000
0.000000
0.003906
-0.015625
0.000000
0.000000
0.003906
-0.023438
-0.003906
0.000000
0.000000
0.000000
0.000000
0.000000
0.000000
0.000000
0.007812
0.000000
0.000000
0.000000
0.000000
0.000000
0.000000
0.000000
0.000000
0.000000
0.000000
0.000000
0.000000
0.000000
0.000000
0.000000
0.000000
0.000000
-0.007812
0.000000
0.000000
0.000000
0.000000
0.000000
0.003906
0.000000
0.000000
0.003906
0.003906
0.000000
-0.003906
0.003906
0.000000
0.007812
0.062500
0.000000
0.000000
0.000000
0.000000
0.000000
-0.023438
0.000000
0.000000
0.003906
0.011719
0.000000
-0.023438
0.011719
-0.015625
0.003906
0.000000
0.003906
0.000000
0.000000
0.000000
0.000000
-0.011719
0.000000
0.000000
0.000000
0.000000
0.000000
-0.015625
0.000000
0.000000
0.003906
0.046875
0.000000
0.000000
0.003906
0.066406
0.011719
-0.003906
0.000000
0.000000
0.003906
0.000000
0.000000
0.007812
0.000000
-0.003906
0.000000
0.000000
0.000000
0.000000
0.011719
0.019531
0.000000
0.039062
0.000000
0.000000
0.000000
0.000000
0.000000
-0.011719
0.000000
0.000000
0.000000
0.000000
0.003906
-0.015625
0.003906
0.000000
-0.042969
0.000000
0.000000
0.000000
0.000000
0.000000
0.000000
0.007812
0.011719
0.000000
-0.003906
0.023438
0.015625
0.019531
0.000000
0.000000
0.000000
0.000000
0.000000
0.000000
-0.003906
0.000000
0.000000
-0.253906
0.000000
0.000000
0.000000
0.000000
0.000000
0.023438
0.000000
0.000000
0.000000
0.062500
0.000000
0.000000
-0.023438
0.000000
0.000000
0.000000
0.007812
0.000000
0.000000
0.054688
0.000000
0.000000
-0.027344
0.003906
0.000000
0.003906
0.000000
-0.011719
0.000000
0.000000
0.003906
0.000000
0.023438
0.000000
0.000000
0.000000
-0.003906
0.000000
0.000000
0.000000
0.000000
0.000000
0.000000
0.003906
0.000000
0.000000
0.000000
0.000000
0.000000
0.000000
-0.019531
0.000000
0.000000
0.000000
-0.011719
0.000000
0.015625
0.000000
-0.042969
0.003906
-0.007812
0.000000
0.000000
0.000000
0.000000
0.003906
0.000000
-0.007812
0.000000
-0.042969
0.000000
0.000000
0.000000
-0.054688
