2.035156
2.796875
3.507812
-0.031250
0.019531
0.089844
1.613281
0.019531
-0.023438
-0.015625
0.039062
1.718750
2.250000
2.335938
2.835938
0.023438
3.230469
0.000000
-0.132812
0.066406
2.039062
0.050781
0.078125
2.621094
0.070312
0.023438
1.851562
-0.003906
3.375000
0.035156
2.156250
2.609375
0.101562
-0.078125
-0.066406
2.109375
0.015625
3.273438
0.027344
0.035156
0.066406
2.261719
-0.027344
2.726562
2.339844
2.355469
-0.050781
2.324219
2.519531
3.101562
0.003906
2.187500
1.707031
0.070312
0.046875
1.902344
-0.019531
2.023438
2.304688
-0.011719
-0.070312
0.082031
2.500000
0.039062
-0.015625
1.757812
2.375000
1.582031
2.234375
2.707031
0.000000
0.035156
2.226562
-0.050781
2.949219
1.859375
0.039062
0.042969
2.394531
0.035156
0.125000
0.042969
1.800781
2.312500
0.011719
1.855469
-0.031250
0.859375
0.082031
0.078125
2.343750
-0.042969
0.046875
0.023438
-0.019531
2.515625
3.953125
2.972656
2.593750
2.863281
2.937500
1.417969
0.058594
2.378906
3.542969
0.882812
1.539062
3.066406
-0.066406
0.011719
1.828125
3.777344
-0.039062
2.597656
0.031250
1.835938
1.851562
1.566406
2.714844
2.492188
-0.042969
0.035156
2.519531
2.996094
2.507812
0.007812
2.351562
-0.042969
0.015625
0.906250
0.035156
3.277344
3.074219
1.683594
-0.027344
3.031250
2.035156
-0.019531
1.871094
2.640625
0.046875
0.015625
-0.027344
3.058594
1.773438
-0.027344
1.343750
3.335938
-0.011719
3.250000
0.003906
-0.011719
2.382812
0.000000
0.089844
2.714844
0.007812
-0.027344
0.019531
2.183594
1.968750
-0.015625
0.085938
0.042969
0.003906
1.664062
2.152344
0.074219
2.281250
-0.023438
1.816406
0.035156
2.382812
0.003906
0.066406
-0.015625
1.578125
3.476562
3.531250
0.089844
-0.027344
2.085938
2.953125
2.023438
2.371094
2.386719
-0.039062
0.003906
-0.035156
1.394531
1.656250
2.140625
2.812500
0.023438
3.781250
-0.031250
0.007812
0.003906
-0.007812
1.937500
1.789062
2.812500
2.656250
0.011719
1.675781
0.035156
1.992188
-0.015625
0.015625
2.898438
-0.042969
2.109375
3.062500
1.835938
1.519531
-0.011719
0.023438
0.015625
-0.070312
1.429688
1.312500
1.828125
0.007812
2.082031
1.460938
1.937500
0.000000
0.000000
2.382812
-0.078125
-0.015625
2.218750
2.210938
1.765625
1.203125
1.535156
2.277344
2.867188
2.085938
0.019531
1.925781
2.101562
-0.023438
-0.011719
0.042969
2.476562
3.503906
0.027344
0.000000
1.113281
2.027344
2.261719
2.062500
-0.015625
1.785156
2.546875
0.058594
-0.039062
1.835938
0.726562
2.503906
2.730469
2.285156
0.039062
-0.007812
-0.023438
2.507812
2.273438
0.003906
0.023438
3.804688
0.062500
3.847656
1.628906
2.628906
0.011719
3.511719
0.050781
1.609375
1.605469
0.035156
1.925781
0.007812
0.000000
2.343750
2.191406
3.218750
0.019531
-0.039062
2.535156
2.714844
0.015625
0.062500
0.035156
0.023438
2.734375
2.968750
2.636719
2.191406
2.160156
1.628906
0.128906
-0.042969
1.445312
1.542969
-0.019531
0.058594
3.425781
0.046875
-0.101562
3.558594
-0.039062
2.140625
1.980469
-0.062500
0.070312
2.417969
-0.046875
3.234375
2.945312
2.371094
2.210938
2.996094
2.128906
0.097656
2.093750
1.707031
3.398438
2.308594
2.480469
2.457031
3.851562
3.230469
-0.042969
0.019531
0.023438
0.027344
1.875000
2.500000
-0.007812
2.699219
-0.046875
1.417969
0.000000
1.511719
2.671875
2.945312
2.402344
0.007812
2.742188
-0.023438
2.742188
2.132812
1.847656
2.726562
0.058594
-0.003906
2.941406
1.250000
1.519531
-0.042969
1.792969
0.027344
0.062500
0.023438
0.019531
2.472656
3.519531
-0.039062
0.046875
2.207031
-0.082031
0.011719
0.000000
1.683594
0.003906
-0.078125
2.976562
0.019531
1.136719
-0.089844
1.062500
2.226562
0.070312
2.468750
1.972656
2.562500
2.988281
1.859375
1.066406
-0.015625
0.035156
0.000000
1.359375
0.039062
2.464844
2.968750
2.046875
2.015625
3.042969
0.304688
3.453125
1.808594
0.027344
-0.042969
0.031250
2.062500
0.007812
0.421875
-0.082031
-0.011719
2.039062
0.011719
-0.007812
1.996094
-0.042969
2.160156
1.746094
0.730469
-0.003906
1.949219
-0.027344
2.269531
0.000000
-0.019531
0.070312
0.046875
2.148438
-0.015625
0.035156
0.507812
0.019531
2.656250
2.746094
2.132812
2.828125
0.046875
0.136719
1.343750
1.796875
1.300781
0.000000
3.460938
2.718750
0.023438
0.078125
0.023438
0.042969
0.050781
2.214844
2.863281
1.218750
2.226562
2.312500
0.093750
3.027344
0.058594
-0.011719
1.371094
0.000000
-0.031250
3.597656
3.296875
2.027344
0.015625
-0.042969
-0.003906
2.152344
1.703125
0.003906
0.019531
0.015625
-0.019531
0.054688
-0.015625
0.054688
2.601562
0.027344
1.054688
-0.019531
1.773438
3.570312
2.355469
0.027344
-0.035156
2.613281
0.050781
-0.015625
0.066406
2.171875
0.105469
2.328125
-0.019531
0.035156
2.960938
-0.046875
1.824219
-0.007812
2.945312
-0.089844
0.105469
1.703125
2.464844
2.308594
1.527344
0.000000
0.019531
0.050781
3.527344
0.003906
2.472656
0.003906
0.039062
-0.121094
0.082031
3.128906
2.660156
1.636719
2.433594
3.113281
2.601562
1.261719
1.429688
2.804688
2.433594
-0.093750
0.003906
2.511719
1.574219
1.648438
1.609375
2.476562
2.523438
1.421875
0.000000
2.023438
-0.101562
2.015625
2.312500
2.621094
2.062500
2.457031
0.023438
1.832031
1.277344
0.046875
1.371094
1.511719
2.050781
3.464844
2.375000
2.804688
-0.031250
1.988281
1.500000
2.761719
1.839844
0.097656
2.324219
-0.007812
0.003906
1.718750
-0.027344
-0.035156
-0.042969
1.320312
0.042969
1.984375
-0.007812
-0.070312
-0.011719
1.882812
0.726562
1.609375
1.296875
-0.035156
0.050781
-0.027344
1.718750
2.371094
1.695312
-0.007812
0.007812
3.277344
0.019531
2.593750
1.796875
0.882812
-0.007812
2.328125
0.023438
0.082031
-0.019531
2.773438
1.585938
0.023438
0.003906
0.066406
2.312500
1.761719
2.949219
2.507812
1.812500
-0.058594
0.003906
1.316406
-0.070312
2.796875
0.062500
2.675781
0.035156
3.304688
-0.027344
1.644531
1.777344
1.507812
0.093750
0.078125
1.835938
1.218750
0.035156
2.769531
3.433594
1.593750
0.031250
2.199219
-0.042969
0.039062
0.050781
1.859375
0.027344
2.835938
-0.003906
0.019531
-0.019531
0.031250
-0.062500
1.593750
1.042969
0.082031
0.000000
-0.054688
-0.007812
1.144531
-0.007812
1.558594
4.046875
2.035156
0.093750
2.367188
2.546875
-0.027344
2.378906
2.011719
1.925781
2.289062
1.878906
3.660156
0.062500
-0.023438
3.101562
0.085938
0.035156
1.941406
1.339844
3.480469
0.050781
3.085938
2.625000
0.027344
0.039062
0.042969
0.050781
-0.070312
0.019531
1.980469
0.054688
0.054688
2.179688
2.007812
0.015625
0.046875
1.167969
0.039062
0.800781
-0.132812
0.035156
-0.015625
1.597656
-0.019531
2.390625
0.042969
1.906250
1.718750
0.042969
0.003906
0.003906
0.035156
2.398438
2.351562
1.773438
-0.007812
0.070312
1.089844
0.000000
2.320312
-0.023438
0.089844
-0.035156
0.011719
0.054688
0.027344
1.757812
1.683594
0.007812
2.281250
0.007812
-0.027344
2.011719
2.890625
0.015625
-0.007812
0.042969
2.523438
2.683594
2.035156
0.015625
-0.042969
2.144531
0.890625
1.554688
2.460938
1.394531
0.019531
1.281250
-0.074219
1.675781
-0.015625
2.945312
0.105469
1.394531
1.449219
-0.007812
0.039062
2.562500
0.011719
2.039062
0.000000
2.351562
0.000000
0.054688
0.011719
0.468750
-0.003906
-0.031250
2.898438
1.851562
1.851562
1.613281
-0.007812
0.019531
2.746094
1.964844
0.027344
0.000000
-0.019531
-0.011719
-0.085938
0.066406
-0.042969
1.777344
1.757812
-0.019531
-0.046875
2.019531
0.105469
-0.015625
1.875000
2.015625
3.511719
1.414062
1.761719
0.437500
3.503906
0.058594
0.050781
2.128906
-0.105469
0.000000
0.062500
2.855469
0.085938
0.039062
2.109375
1.746094
0.054688
0.000000
1.234375
0.054688
2.066406
1.566406
3.398438
0.031250
0.007812
2.433594
0.878906
0.015625
3.453125
1.140625
0.058594
3.437500
2.753906
-0.015625
-0.031250
-0.007812
2.238281
-0.070312
1.882812
1.687500
2.011719
3.230469
0.054688
2.960938
2.621094
-0.003906
-0.035156
0.031250
0.019531
0.031250
0.000000
1.992188
1.390625
0.019531
1.195312
0.109375
2.417969
0.062500
-0.035156
0.082031
-0.035156
1.460938
-0.003906
1.644531
0.000000
-0.023438
3.007812
2.019531
-0.011719
-0.046875
2.714844
2.335938
-0.019531
2.804688
2.800781
-0.003906
2.082031
-0.046875
3.093750
-0.023438
2.300781
1.996094
0.003906
2.125000
0.757812
-0.003906
1.683594
0.000000
2.656250
-0.089844
2.253906
0.070312
2.679688
0.023438
0.062500
2.386719
1.523438
2.050781
0.039062
-0.058594
2.808594
1.433594
0.000000
0.003906
-0.042969
0.859375
1.367188
3.464844
0.656250
-0.031250
2.238281
0.031250
0.460938
-0.007812
2.550781
2.753906
-0.007812
0.925781
-0.046875
0.062500
0.078125
0.035156
-0.023438
1.789062
0.882812
0.066406
-0.062500
-0.066406
-0.042969
1.261719
-0.046875
-0.007812
1.203125
2.253906
-0.042969
0.000000
0.011719
3.113281
2.625000
2.871094
1.132812
1.820312
2.843750
1.875000
0.054688
2.292969
0.019531
2.152344
3.929688
1.937500
-0.011719
1.953125
-0.023438
3.156250
3.617188
0.062500
2.886719
0.000000
0.027344
2.507812
1.644531
2.914062
0.046875
0.007812
1.097656
0.019531
0.007812
3.011719
2.265625
0.042969
0.066406
0.062500
-0.050781
2.585938
-0.003906
2.046875
-0.031250
2.175781
1.445312
0.031250
2.125000
0.105469
-0.035156
2.417969
0.011719
0.089844
0.000000
0.097656
1.734375
2.554688
0.023438
0.000000
-0.039062
-0.003906
1.394531
0.003906
0.000000
-0.003906
2.589844
3.523438
2.335938
0.023438
3.476562
0.605469
0.000000
-0.042969
1.937500
3.167969
3.214844
1.093750
0.027344
1.617188
2.492188
1.992188
1.710938
2.707031
1.828125
0.050781
1.289062
3.238281
0.058594
2.167969
0.019531
2.605469
1.855469
0.027344
2.187500
-0.015625
2.589844
2.640625
-0.078125
-0.042969
1.750000
0.046875
0.781250
1.601562
0.062500
0.003906
1.226562
1.937500
2.242188
-0.011719
0.003906
2.097656
0.019531
-0.101562
0.000000
0.027344
2.457031
2.523438
1.464844
3.429688
-0.035156
-0.027344
0.058594
2.964844
0.031250
-0.023438
-0.050781
1.750000
3.218750
-0.054688
2.628906
1.578125
1.320312
-0.054688
2.675781
-0.054688
0.019531
0.078125
0.046875
3.027344
0.085938
0.046875
0.035156
-0.003906
2.027344
1.855469
0.046875
-0.066406
0.023438
0.859375
-0.046875
0.027344
3.359375
0.019531
1.972656
0.054688
1.886719
1.839844
0.128906
2.464844
3.023438
-0.019531
1.859375
-0.007812
3.042969
0.109375
1.167969
2.078125
1.765625
2.226562
1.515625
0.003906
2.359375
0.007812
1.777344
2.304688
-0.027344
0.000000
0.035156
1.496094
-0.046875
2.851562
0.007812
0.000000
-0.035156
0.000000
0.558594
3.359375
1.929688
2.472656
0.070312
-0.164062
-0.011719
0.007812
0.144531
0.019531
0.000000
-0.058594
1.937500
2.593750
1.574219
0.007812
0.000000
2.035156
-0.035156
-0.015625
-0.050781
-0.023438
0.023438
2.066406
1.851562
1.234375
0.062500
1.949219
3.339844
1.691406
0.027344
2.203125
1.976562
-0.031250
0.046875
0.066406
1.417969
2.292969
2.187500
-0.058594
0.000000
1.988281
2.644531
-0.039062
-0.015625
1.558594
0.023438
2.707031
2.886719
-0.031250
0.109375
3.066406
2.210938
0.015625
-0.031250
2.156250
0.003906
1.472656
0.039062
2.050781
1.972656
0.015625
1.882812
-0.050781
2.980469
0.500000
2.894531
-0.058594
0.023438
1.601562
2.492188
1.882812
3.074219
-0.039062
2.519531
0.070312
0.003906
0.019531
-0.031250
0.824219
0.035156
-0.039062
2.957031
0.070312
1.289062
2.050781
-0.003906
0.105469
0.011719
1.847656
0.035156
4.152344
0.011719
0.000000
0.050781
1.687500
0.035156
0.050781
1.996094
0.000000
2.578125
0.078125
0.003906
3.093750
-0.027344
0.050781
-0.007812
0.003906
-0.031250
3.136719
0.027344
0.046875
3.187500
-0.039062
0.941406
1.964844
0.023438
-0.011719
0.507812
1.714844
1.906250
2.132812
-0.039062
0.058594
-0.062500
-0.039062
0.023438
-0.007812
2.164062
0.023438
1.386719
2.281250
0.035156
1.917969
1.792969
2.527344
-0.019531
0.113281
1.871094
-0.007812
2.460938
0.035156
0.007812
0.027344
1.312500
0.007812
0.003906
0.636719
-0.007812
1.843750
3.429688
2.355469
0.050781
2.453125
1.914062
0.066406
-0.046875
1.707031
-0.039062
2.285156
-0.082031
3.105469
0.003906
0.015625
-0.019531
0.011719
0.054688
-0.015625
2.046875
0.945312
2.128906
2.023438
0.027344
0.113281
0.070312
0.066406
3.710938
3.566406
1.574219
0.046875
2.277344
0.089844
0.082031
4.371094
2.363281
0.109375
2.988281
1.878906
3.675781
-0.015625
0.078125
-0.011719
2.121094
2.082031
2.875000
1.828125
-0.046875
-0.011719
2.226562
2.359375
2.957031
1.847656
2.773438
3.230469
-0.003906
3.437500
2.437500
-0.023438
1.449219
2.203125
0.000000
2.535156
1.738281
2.972656
0.031250
1.664062
2.515625
-0.007812
2.968750
0.023438
2.519531
0.960938
3.593750
0.003906
0.031250
2.175781
0.003906
-0.042969
1.488281
2.578125
2.035156
1.019531
2.464844
2.031250
0.871094
0.070312
0.011719
2.992188
0.011719
3.328125
0.070312
3.597656
2.199219
2.867188
2.667969
2.167969
0.003906
1.945312
0.007812
0.046875
1.648438
1.394531
2.976562
-0.011719
3.445312
2.132812
-0.035156
0.023438
0.011719
1.542969
1.621094
0.101562
0.046875
0.000000
3.000000
0.046875
0.097656
2.472656
2.222656
0.027344
0.082031
1.292969
1.875000
2.703125
2.988281
2.335938
-0.027344
1.750000
2.179688
0.160156
1.511719
1.636719
-0.042969
-0.035156
2.402344
3.199219
1.347656
1.218750
1.726562
-0.082031
2.039062
2.179688
3.074219
1.855469
3.562500
-0.007812
1.519531
0.027344
1.855469
0.527344
0.035156
3.085938
-0.023438
-0.058594
1.242188
2.156250
-0.042969
3.074219
-0.078125
0.039062
2.011719
3.152344
3.339844
0.003906
1.914062
1.632812
0.035156
0.050781
0.019531
2.132812
0.113281
3.601562
0.085938
1.199219
-0.035156
-0.042969
0.011719
2.367188
0.023438
0.042969
2.085938
2.359375
-0.074219
-0.062500
0.007812
0.878906
-0.070312
-0.015625
-0.019531
-0.011719
3.453125
2.281250
-0.039062
0.042969
2.000000
0.019531
-0.039062
-0.035156
-0.105469
2.863281
0.054688
2.457031
2.746094
2.167969
0.003906
0.019531
2.984375
-0.074219
3.000000
0.000000
0.062500
1.347656
0.039062
1.726562
1.632812
2.023438
3.578125
0.027344
1.468750
0.035156
-0.039062
1.023438
2.765625
2.414062
2.601562
2.250000
2.992188
0.000000
-0.015625
-0.003906
0.144531
2.371094
0.023438
2.718750
2.546875
2.199219
-0.015625
3.019531
1.800781
3.683594
-0.007812
0.031250
2.546875
0.039062
2.351562
0.070312
0.042969
0.042969
-0.117188
0.082031
1.820312
2.027344
0.074219
2.925781
2.425781
1.914062
3.234375
0.035156
0.019531
0.046875
1.789062
2.500000
1.445312
2.531250
2.320312
1.855469
3.070312
3.410156
2.468750
0.093750
0.000000
0.000000
-0.007812
0.003906
-0.039062
0.078125
1.750000
3.808594
0.121094
0.765625
1.734375
0.113281
-0.046875
0.035156
1.937500
1.277344
0.046875
0.023438
0.089844
2.976562
1.367188
2.937500
2.917969
1.625000
0.011719
1.738281
1.234375
0.058594
2.097656
2.171875
0.023438
2.062500
0.011719
-0.023438
2.082031
0.011719
2.640625
0.128906
0.000000
-0.027344
3.371094
1.890625
0.066406
2.421875
2.691406
0.003906
0.000000
-0.023438
1.980469
2.328125
1.800781
2.242188
0.093750
0.078125
2.949219
2.332031
0.019531
0.023438
0.042969
1.941406
3.089844
1.855469
0.015625
0.070312
1.515625
3.117188
2.015625
-0.015625
0.007812
1.847656
2.742188
3.144531
2.109375
0.042969
2.476562
2.332031
1.789062
0.031250
0.003906
0.109375
0.875000
1.957031
2.125000
2.707031
2.976562
2.542969
4.242188
-0.007812
2.125000
1.992188
0.031250
0.968750
0.042969
2.828125
2.769531
2.328125
2.847656
0.003906
0.050781
1.277344
1.210938
2.105469
2.593750
0.074219
2.371094
1.976562
0.015625
0.023438
2.445312
2.808594
-0.027344
2.402344
0.035156
2.195312
1.929688
0.089844
0.457031
1.449219
3.015625
-0.031250
2.292969
2.082031
3.285156
2.292969
2.554688
2.726562
0.917969
-0.007812
-0.035156
-0.019531
0.039062
2.335938
2.449219
0.062500
1.996094
-0.062500
1.628906
2.777344
-0.011719
2.171875
0.000000
0.003906
-0.035156
1.210938
-0.085938
-0.066406
2.230469
1.578125
-0.031250
2.597656
2.050781
-0.027344
2.273438
0.011719
0.003906
2.390625
-0.027344
2.542969
1.746094
-0.054688
3.472656
1.695312
3.226562
2.085938
2.300781
2.031250
0.039062
3.226562
1.679688
2.363281
2.171875
0.050781
1.878906
1.808594
1.671875
1.250000
0.027344
0.324219
2.589844
0.015625
2.218750
1.562500
0.046875
2.023438
2.253906
1.792969
0.035156
0.054688
1.027344
3.003906
2.726562
2.945312
2.070312
3.000000
2.140625
-0.039062
1.562500
0.058594
0.027344
1.222656
2.421875
0.085938
1.199219
0.171875
0.511719
0.062500
3.894531
-0.007812
2.011719
2.460938
0.132812
0.011719
2.640625
-0.023438
1.941406
0.000000
-0.085938
1.332031
-0.101562
2.000000
0.003906
0.050781
-0.011719
1.636719
-0.042969
1.585938
1.902344
-0.085938
3.292969
2.890625
2.390625
0.011719
1.457031
0.007812
0.031250
2.667969
0.054688
0.070312
2.515625
0.007812
0.058594
1.484375
1.425781
1.363281
0.093750
2.742188
0.003906
1.597656
0.089844
2.304688
-0.031250
0.015625
2.332031
0.046875
0.003906
0.074219
1.511719
1.593750
2.742188
1.488281
0.031250
-0.007812
0.000000
0.070312
0.054688
0.031250
0.015625
2.339844
0.000000
0.058594
3.246094
1.878906
2.398438
2.070312
2.355469
0.023438
2.425781
0.082031
0.070312
1.320312
2.187500
0.128906
2.902344
-0.031250
-0.042969
0.085938
1.640625
-0.015625
-0.027344
0.042969
0.058594
2.042969
-0.023438
2.187500
2.542969
2.152344
2.019531
1.082031
0.019531
0.015625
1.679688
0.023438
0.015625
0.015625
0.031250
0.062500
0.109375
0.828125
0.019531
2.226562
1.199219
1.250000
1.886719
2.113281
0.027344
0.039062
0.027344
0.421875
0.039062
-0.007812
0.035156
2.382812
0.019531
0.019531
0.042969
1.652344
0.062500
0.015625
0.046875
0.007812
-0.027344
0.054688
3.339844
0.015625
1.894531
2.390625
3.171875
3.453125
0.015625
-0.011719
0.066406
2.015625
-0.031250
3.460938
2.628906
3.164062
2.898438
2.429688
0.019531
2.503906
0.125000
1.992188
2.617188
-0.003906
0.000000
-0.003906
-0.011719
0.078125
1.660156
3.027344
0.019531
-0.007812
1.906250
-0.058594
0.011719
0.050781
2.125000
1.957031
2.730469
0.156250
0.078125
2.324219
0.046875
-0.007812
0.011719
1.269531
2.402344
2.269531
-0.031250
-0.035156
0.054688
3.632812
0.070312
2.675781
0.000000
2.316406
-0.015625
-0.023438
2.253906
-0.019531
-0.089844
3.144531
0.074219
1.773438
2.457031
1.707031
0.042969
0.027344
0.011719
3.539062
2.980469
-0.007812
3.257812
0.011719
0.980469
0.062500
-0.058594
2.320312
2.585938
0.042969
-0.078125
-0.023438
1.179688
2.878906
0.671875
1.687500
-0.019531
2.535156
2.660156
0.097656
0.050781
1.792969
-0.003906
0.023438
-0.007812
2.316406
0.000000
-0.070312
3.906250
0.050781
0.132812
1.320312
1.832031
0.042969
1.820312
0.031250
0.007812
2.738281
0.007812
1.558594
1.855469
2.066406
-0.027344
3.031250
2.062500
0.082031
0.054688
2.281250
2.160156
-0.105469
0.015625
1.921875
2.199219
2.417969
1.171875
2.800781
1.562500
0.113281
1.359375
2.500000
-0.011719
2.289062
1.863281
1.835938
2.136719
1.808594
-0.027344
4.226562
2.945312
0.035156
2.093750
2.812500
0.035156
0.093750
0.000000
0.058594
0.000000
2.199219
2.464844
2.445312
-0.015625
0.308594
2.187500
0.464844
-0.074219
1.753906
-0.042969
2.589844
2.871094
2.777344
0.019531
2.488281
1.753906
-0.042969
2.253906
2.933594
0.000000
2.269531
0.035156
3.371094
-0.070312
-0.031250
0.027344
0.816406
-0.027344
2.750000
1.984375
0.093750
1.964844
0.011719
0.011719
2.773438
2.941406
1.820312
3.218750
0.000000
-0.058594
2.523438
1.562500
1.808594
1.968750
-0.019531
-0.042969
2.824219
1.519531
2.054688
-0.015625
1.738281
2.406250
2.046875
1.757812
0.023438
-0.007812
-0.085938
-0.019531
0.023438
1.097656
2.421875
0.000000
1.632812
0.054688
2.035156
2.914062
1.246094
0.023438
0.027344
1.871094
3.515625
0.042969
1.527344
2.218750
0.062500
1.410156
1.457031
0.023438
1.113281
2.675781
1.136719
0.023438
1.449219
0.085938
1.195312
-0.011719
0.054688
2.656250
2.558594
3.015625
1.363281
1.957031
0.800781
0.054688
0.023438
3.410156
0.070312
2.957031
1.222656
3.117188
2.558594
1.503906
3.468750
-0.039062
2.851562
0.039062
1.968750
-0.046875
2.250000
0.039062
2.175781
1.347656
1.902344
3.589844
1.570312
2.750000
1.992188
2.468750
0.019531
3.164062
0.015625
2.476562
-0.031250
1.355469
-0.011719
-0.035156
3.269531
2.507812
2.332031
0.007812
2.156250
3.347656
2.582031
-0.039062
-0.066406
0.039062
0.039062
-0.039062
0.023438
2.941406
-0.007812
2.328125
0.007812
-0.003906
0.105469
0.000000
-0.003906
2.132812
2.316406
0.722656
0.023438
1.371094
0.015625
0.031250
0.058594
2.589844
3.636719
0.128906
1.761719
0.000000
-0.035156
0.117188
3.113281
2.414062
0.027344
-0.007812
0.015625
-0.019531
0.066406
0.027344
2.445312
-0.003906
3.636719
0.003906
0.027344
2.441406
2.308594
0.000000
0.109375
0.019531
2.894531
-0.019531
2.890625
-0.011719
0.050781
0.136719
0.039062
1.339844
2.058594
1.656250
0.054688
2.996094
-0.046875
2.535156
1.628906
1.984375
-0.023438
0.007812
2.765625
1.210938
2.460938
1.765625
1.746094
-0.019531
0.027344
2.011719
1.726562
0.046875
2.011719
2.246094
1.773438
-0.015625
-0.054688
0.515625
0.035156
-0.058594
0.015625
0.042969
0.019531
2.273438
0.035156
-0.027344
3.695312
2.414062
3.796875
0.074219
0.054688
-0.019531
0.093750
0.023438
1.675781
1.839844
0.113281
1.187500
1.664062
2.550781
2.894531
1.300781
2.910156
0.078125
-0.019531
1.457031
-0.023438
0.042969
0.058594
1.773438
0.050781
2.144531
-0.054688
0.046875
0.011719
1.210938
0.019531
1.933594
2.554688
2.433594
2.488281
-0.027344
0.007812
1.898438
0.000000
0.042969
0.000000
-0.015625
-0.027344
2.023438
2.441406
0.019531
-0.070312
-0.027344
2.613281
0.011719
0.003906
0.042969
2.472656
1.703125
-0.007812
0.035156
2.800781
1.171875
0.019531
-0.003906
0.886719
0.003906
-0.019531
0.000000
0.000000
0.035156
0.023438
0.054688
0.082031
0.035156
2.632812
-0.039062
2.226562
2.710938
1.570312
0.011719
1.109375
1.835938
-0.031250
-0.058594
2.570312
2.828125
0.023438
1.468750
-0.015625
1.550781
2.613281
0.039062
2.207031
0.011719
-0.035156
2.101562
1.156250
1.792969
2.394531
3.277344
1.921875
-0.007812
1.820312
2.582031
2.441406
1.480469
0.015625
0.011719
0.000000
2.011719
2.554688
2.234375
0.000000
2.269531
-0.027344
0.003906
0.031250
1.546875
2.664062
1.773438
3.359375
2.636719
0.058594
-0.007812
-0.054688
0.113281
0.062500
0.121094
2.175781
0.003906
-0.023438
0.062500
0.058594
0.031250
2.375000
0.015625
0.027344
2.425781
0.046875
0.042969
1.574219
0.078125
0.007812
-0.019531
2.402344
1.722656
-0.027344
0.000000
0.089844
1.597656
-0.011719
2.320312
2.269531
-0.035156
0.066406
2.488281
0.000000
2.730469
2.207031
0.707031
2.617188
3.460938
0.035156
3.097656
0.023438
0.000000
3.730469
2.285156
1.480469
2.082031
2.300781
0.011719
0.097656
2.761719
0.003906
-0.003906
1.722656
0.078125
2.808594
1.796875
2.039062
2.398438
1.863281
0.007812
0.031250
3.085938
2.140625
2.210938
0.058594
2.382812
2.800781
2.992188
-0.019531
1.656250
2.070312
3.230469
0.000000
3.191406
1.449219
2.015625
2.648438
2.031250
0.105469
0.257812
1.554688
-0.011719
-0.019531
0.039062
2.660156
0.039062
2.578125
3.082031
2.457031
3.238281
0.000000
1.695312
0.042969
0.007812
0.058594
0.089844
1.273438
1.480469
2.441406
3.480469
1.480469
4.042969
1.570312
2.570312
-0.062500
1.546875
1.140625
0.003906
0.015625
-0.011719
2.808594
1.238281
2.433594
2.550781
0.085938
2.167969
2.972656
1.968750
1.488281
2.601562
-0.027344
0.003906
2.582031
0.003906
1.753906
2.750000
1.664062
3.382812
0.000000
2.355469
0.011719
0.031250
0.019531
0.019531
1.269531
2.394531
0.101562
2.156250
-0.007812
2.445312
1.527344
2.046875
0.062500
-0.015625
0.039062
3.089844
-0.007812
2.148438
2.847656
2.652344
0.070312
0.023438
1.601562
0.011719
-0.003906
0.003906
-0.003906
1.265625
1.707031
1.984375
3.039062
-0.097656
2.476562
2.156250
0.074219
2.367188
0.019531
0.000000
0.078125
-0.050781
0.011719
-0.054688
2.078125
-0.046875
2.316406
0.058594
-0.035156
-0.027344
-0.027344
-0.027344
2.933594
0.003906
-0.003906
2.605469
0.054688
2.324219
0.027344
3.175781
-0.031250
-0.023438
1.941406
-0.023438
1.429688
0.039062
0.046875
2.019531
2.496094
-0.007812
1.609375
0.003906
-0.007812
0.683594
-0.058594
2.398438
0.074219
2.863281
2.285156
1.843750
1.343750
2.105469
2.175781
2.496094
-0.003906
1.636719
-0.007812
2.570312
0.000000
1.617188
2.589844
-0.074219
0.070312
2.105469
-0.035156
-0.011719
0.003906
3.242188
2.023438
2.214844
2.351562
2.195312
-0.062500
2.359375
1.730469
1.976562
1.550781
2.093750
1.386719
2.792969
-0.042969
-0.007812
0.058594
-0.003906
2.058594
0.042969
3.636719
2.457031
0.863281
0.015625
2.609375
1.914062
0.042969
-0.007812
1.722656
1.980469
1.437500
2.222656
-0.031250
3.265625
2.378906
-0.003906
2.199219
2.820312
1.789062
1.554688
0.039062
-0.035156
0.035156
2.597656
-0.031250
0.019531
-0.019531
-0.003906
3.328125
0.039062
0.062500
2.460938
1.738281
2.636719
-0.031250
3.617188
-0.007812
2.406250
3.054688
3.363281
3.273438
2.683594
0.027344
2.234375
0.031250
1.953125
1.953125
2.925781
0.046875
0.039062
2.300781
3.675781
0.039062
-0.035156
2.117188
3.285156
3.296875
2.039062
-0.007812
0.054688
3.449219
2.453125
1.765625
1.234375
-0.015625
-0.015625
0.011719
2.191406
1.117188
0.000000
-0.027344
1.613281
3.371094
2.222656
2.417969
2.355469
0.035156
1.828125
1.398438
2.812500
0.093750
-0.042969
-0.109375
-0.042969
2.539062
2.566406
2.003906
-0.003906
3.593750
2.863281
0.058594
0.062500
2.027344
2.441406
0.000000
1.535156
2.710938
0.000000
-0.042969
-0.003906
0.070312
1.914062
1.988281
3.003906
-0.019531
0.031250
1.722656
0.011719
0.835938
3.136719
-0.007812
0.054688
1.917969
0.007812
2.718750
3.914062
0.015625
0.144531
0.015625
2.609375
0.042969
3.093750
-0.011719
1.734375
0.027344
2.496094
0.027344
2.503906
0.000000
0.000000
2.230469
2.339844
1.695312
2.781250
2.734375
0.000000
-0.035156
0.039062
2.332031
0.070312
2.238281
2.687500
-0.035156
2.750000
1.875000
-0.074219
1.941406
1.933594
-0.042969
1.460938
1.906250
1.742188
2.812500
2.675781
1.750000
-0.011719
-0.011719
-0.042969
1.617188
1.910156
0.000000
2.570312
0.000000
-0.015625
2.644531
0.046875
1.660156
2.687500
1.535156
3.773438
2.433594
2.140625
2.414062
1.082031
0.000000
-0.007812
2.238281
1.691406
2.613281
-0.101562
-0.046875
0.785156
0.007812
0.035156
-0.078125
0.042969
0.031250
1.464844
-0.035156
0.070312
0.687500
1.136719
2.519531
1.953125
1.789062
0.082031
0.078125
1.984375
0.007812
-0.011719
-0.015625
0.042969
2.746094
0.058594
-0.078125
2.105469
1.902344
0.136719
1.808594
-0.027344
3.835938
1.519531
2.390625
3.121094
-0.039062
0.015625
-0.031250
2.972656
0.000000
0.007812
0.046875
1.402344
1.414062
0.027344
0.078125
2.304688
-0.023438
0.972656
1.769531
-0.003906
1.734375
2.871094
-0.011719
1.148438
1.464844
2.566406
0.039062
0.003906
0.039062
3.566406
2.378906
2.480469
0.042969
2.742188
0.101562
1.175781
3.105469
0.695312
0.042969
0.078125
2.320312
2.828125
2.050781
0.046875
-0.007812
0.042969
0.011719
2.902344
-0.050781
0.023438
0.089844
1.859375
-0.050781
0.074219
0.074219
-0.031250
2.328125
2.890625
1.363281
-0.039062
-0.019531
2.765625
2.003906
-0.015625
0.046875
1.941406
0.023438
1.140625
2.070312
2.207031
0.035156
2.007812
2.937500
-0.070312
0.101562
0.011719
2.839844
2.066406
0.117188
0.097656
0.066406
0.042969
0.003906
0.027344
-0.027344
-0.054688
1.468750
1.187500
-0.027344
-0.082031
0.027344
0.015625
1.742188
2.343750
-0.058594
0.003906
0.054688
2.644531
1.757812
-0.011719
0.000000
2.375000
2.484375
1.214844
1.445312
0.000000
1.593750
1.796875
0.046875
0.035156
3.152344
0.027344
2.488281
2.785156
2.707031
1.675781
2.031250
1.667969
-0.062500
2.128906
0.062500
0.011719
2.222656
-0.031250
0.015625
1.835938
-0.023438
2.820312
-0.027344
0.019531
1.734375
3.718750
2.722656
-0.042969
3.125000
0.019531
2.472656
0.117188
2.039062
3.253906
2.843750
0.046875
2.238281
0.039062
-0.003906
-0.054688
0.062500
-0.015625
1.796875
-0.089844
-0.007812
2.195312
-0.031250
-0.015625
-0.089844
1.378906
-0.050781
3.730469
1.925781
1.183594
0.035156
3.625000
3.394531
0.050781
-0.007812
0.042969
-0.019531
2.921875
1.574219
0.007812
0.000000
0.000000
2.300781
3.195312
-0.066406
0.015625
1.699219
1.652344
0.000000
2.125000
1.378906
2.156250
-0.074219
-0.007812
1.750000
-0.078125
1.796875
3.140625
0.046875
0.019531
0.039062
-0.035156
3.496094
1.511719
0.023438
2.503906
2.441406
2.976562
-0.058594
2.019531
-0.066406
2.062500
2.625000
2.738281
3.113281
1.562500
-0.054688
0.050781
2.164062
2.058594
1.863281
-0.042969
2.964844
2.402344
1.648438
2.226562
3.738281
-0.023438
0.000000
2.191406
0.011719
-0.019531
0.109375
1.902344
2.382812
1.832031
2.445312
2.558594
2.117188
0.019531
-0.031250
-0.039062
0.109375
0.046875
0.007812
0.054688
2.000000
0.050781
1.765625
2.300781
3.292969
-0.007812
0.050781
1.378906
2.746094
2.890625
3.125000
-0.050781
0.093750
1.667969
0.066406
0.015625
1.933594
0.035156
-0.105469
1.625000
0.082031
-0.062500
-0.019531
0.050781
1.250000
1.964844
2.035156
3.128906
2.296875
2.558594
-0.023438
2.871094
3.171875
2.316406
0.078125
1.679688
1.183594
-0.042969
0.023438
0.015625
0.031250
0.046875
2.750000
0.054688
1.964844
1.953125
-0.082031
3.042969
0.074219
1.691406
0.042969
1.566406
2.328125
1.605469
0.023438
1.074219
0.027344
0.015625
1.753906
1.699219
2.421875
1.527344
-0.050781
2.500000
0.085938
0.000000
0.039062
2.554688
3.367188
1.878906
2.027344
2.882812
1.582031
2.417969
2.136719
0.000000
3.058594
-0.023438
3.035156
2.742188
2.382812
2.269531
3.085938
1.875000
0.003906
0.019531
0.007812
0.062500
-0.050781
-0.039062
-0.035156
0.007812
1.773438
0.078125
0.062500
3.535156
1.218750
0.847656
-0.035156
2.957031
-0.023438
-0.015625
0.058594
-0.042969
0.089844
0.027344
0.406250
3.921875
2.683594
2.265625
2.703125
0.628906
2.062500
-0.039062
-0.035156
2.140625
2.164062
2.492188
0.000000
3.179688
0.035156
2.066406
0.132812
0.015625
2.226562
3.027344
3.000000
2.460938
1.867188
0.058594
2.382812
1.921875
-0.019531
0.007812
2.484375
1.734375
2.382812
-0.019531
2.671875
3.277344
2.253906
0.066406
1.039062
0.000000
0.046875
1.695312
-0.039062
1.890625
1.449219
3.195312
2.824219
0.027344
1.386719
-0.050781
2.261719
3.503906
2.406250
-0.015625
1.808594
1.796875
2.785156
1.742188
0.101562
2.429688
-0.058594
0.023438
-0.039062
2.593750
2.308594
2.167969
0.003906
2.468750
0.023438
0.054688
-0.007812
-0.042969
-0.011719
1.984375
1.843750
3.671875
2.226562
2.476562
3.046875
2.152344
-0.011719
4.085938
0.093750
0.058594
1.945312
1.917969
3.039062
2.378906
0.054688
0.015625
0.011719
2.535156
0.019531
1.148438
0.015625
0.066406
2.753906
0.007812
0.011719
0.371094
2.562500
1.796875
2.339844
0.000000
2.144531
3.593750
0.019531
0.062500
2.265625
0.000000
0.058594
2.480469
2.753906
1.144531
0.046875
1.269531
0.003906
1.644531
0.058594
-0.039062
-0.007812
2.144531
0.007812
2.101562
-0.054688
-0.042969
2.613281
0.031250
-0.003906
3.398438
2.804688
0.000000
0.015625
0.070312
2.527344
1.562500
2.500000
-0.070312
3.199219
2.277344
-0.031250
1.980469
1.816406
0.082031
0.019531
2.625000
0.046875
-0.019531
0.000000
0.007812
0.062500
0.007812
3.042969
1.859375
0.000000
2.371094
3.425781
0.039062
2.761719
1.308594
-0.003906
1.960938
-0.054688
1.128906
1.921875
-0.078125
-0.058594
2.246094
0.019531
3.070312
2.164062
0.070312
0.097656
2.085938
0.085938
1.269531
1.339844
1.875000
1.894531
2.710938
0.027344
-0.015625
0.019531
0.273438
2.894531
2.269531
-0.023438
-0.058594
2.664062
1.187500
2.789062
1.406250
1.562500
1.855469
-0.007812
1.765625
0.011719
0.062500
2.027344
0.054688
1.710938
0.023438
0.031250
-0.062500
0.042969
0.015625
1.980469
0.000000
0.027344
1.597656
2.183594
2.250000
2.957031
2.148438
-0.093750
2.421875
-0.039062
0.003906
2.929688
2.121094
1.558594
0.019531
0.027344
3.937500
0.035156
2.785156
0.031250
2.621094
0.027344
1.519531
2.484375
0.566406
0.019531
1.484375
2.742188
1.132812
0.042969
1.082031
-0.015625
2.437500
1.281250
-0.054688
-0.070312
3.507812
-0.003906
3.343750
0.097656
0.089844
-0.011719
1.960938
2.953125
3.269531
2.203125
1.945312
1.335938
0.000000
0.042969
1.613281
-0.054688
0.128906
1.632812
2.960938
0.894531
2.328125
0.062500
1.484375
2.761719
1.980469
0.003906
0.000000
1.984375
2.160156
2.406250
2.316406
-0.007812
4.078125
-0.054688
-0.003906
1.722656
0.710938
0.097656
-0.023438
1.300781
1.363281
1.710938
-0.003906
2.457031
1.933594
2.027344
1.980469
-0.101562
-0.007812
0.027344
1.695312
0.011719
0.058594
1.820312
1.996094
-0.027344
2.523438
0.144531
2.816406
-0.031250
-0.015625
1.722656
-0.050781
0.000000
2.183594
-0.082031
0.019531
0.027344
0.058594
2.480469
3.777344
2.101562
2.167969
0.500000
3.324219
-0.023438
1.777344
-0.058594
0.023438
0.000000
4.222656
1.812500
2.167969
1.980469
2.390625
2.445312
0.027344
0.027344
0.082031
0.050781
1.699219
-0.054688
2.554688
2.285156
1.968750
-0.011719
4.445312
0.613281
0.058594
-0.011719
2.222656
2.175781
2.203125
-0.007812
3.441406
0.019531
1.113281
-0.019531
0.039062
0.019531
1.968750
2.816406
2.453125
1.699219
0.000000
0.011719
1.468750
0.117188
-0.039062
-0.015625
1.699219
1.789062
2.121094
0.019531
2.714844
3.320312
-0.011719
0.003906
3.863281
-0.003906
0.000000
3.500000
2.675781
3.214844
0.015625
1.839844
0.097656
0.429688
0.019531
0.449219
-0.023438
2.437500
1.933594
0.000000
0.050781
2.625000
0.031250
0.042969
4.292969
2.535156
0.015625
0.023438
0.125000
0.000000
2.226562
0.062500
2.003906
1.867188
-0.039062
0.035156
1.402344
1.070312
2.808594
0.015625
1.675781
0.085938
0.031250
-0.019531
0.035156
0.000000
2.335938
0.085938
-0.027344
2.628906
2.714844
2.660156
0.058594
0.003906
-0.046875
0.023438
0.730469
1.773438
0.058594
0.000000
1.824219
2.320312
0.042969
1.910156
0.019531
0.015625
-0.089844
-0.011719
1.914062
2.433594
0.074219
2.535156
2.457031
0.027344
-0.027344
2.660156
2.507812
0.000000
0.050781
3.050781
0.000000
2.312500
3.132812
0.000000
0.675781
0.011719
0.054688
-0.101562
-0.003906
1.414062
0.015625
2.320312
3.507812
2.648438
2.257812
0.003906
0.031250
1.796875
0.113281
2.097656
3.769531
3.062500
0.070312
2.753906
1.820312
2.089844
0.039062
2.992188
0.074219
-0.031250
1.433594
0.007812
0.054688
0.011719
0.003906
2.699219
0.136719
-0.015625
1.910156
3.085938
0.019531
1.859375
-0.003906
2.070312
-0.007812
0.015625
2.429688
-0.078125
2.082031
2.972656
0.554688
0.050781
0.000000
0.054688
2.253906
2.847656
2.238281
0.746094
-0.019531
1.976562
0.015625
3.296875
3.250000
0.000000
1.785156
-0.027344
3.894531
0.015625
1.343750
0.031250
0.062500
0.035156
0.000000
0.011719
1.542969
2.699219
2.546875
0.113281
0.023438
0.023438
-0.023438
3.554688
-0.078125
-0.015625
2.714844
1.402344
3.250000
2.410156
2.316406
3.031250
1.636719
0.015625
1.308594
-0.027344
-0.011719
0.058594
3.953125
2.871094
-0.058594
3.648438
0.054688
0.078125
3.761719
1.859375
2.402344
2.765625
2.808594
3.320312
-0.042969
1.332031
1.578125
-0.031250
1.652344
1.726562
-0.070312
-0.039062
-0.039062
0.027344
2.777344
1.601562
3.691406
-0.050781
2.437500
0.035156
3.000000
-0.031250
2.574219
3.238281
-0.031250
2.332031
-0.050781
1.914062
0.101562
1.593750
-0.011719
2.609375
2.046875
2.210938
1.859375
0.050781
3.148438
2.015625
2.179688
1.363281
0.023438
1.644531
1.976562
2.628906
2.156250
0.003906
-0.011719
0.011719
-0.046875
-0.011719
0.000000
3.234375
1.507812
1.832031
2.226562
1.808594
0.000000
1.910156
0.046875
2.316406
0.019531
0.042969
-0.003906
0.609375
-0.003906
0.003906
0.054688
2.886719
3.789062
0.000000
-0.019531
2.863281
0.000000
0.000000
0.003906
1.152344
-0.011719
2.378906
2.628906
-0.007812
1.855469
3.199219
-0.070312
2.128906
0.066406
3.191406
0.078125
2.410156
1.941406
2.707031
3.187500
3.445312
2.402344
1.324219
2.164062
-0.070312
1.320312
0.011719
-0.046875
3.296875
2.996094
-0.023438
0.027344
-0.074219
3.363281
-0.066406
1.960938
0.035156
3.144531
0.019531
2.644531
0.066406
1.355469
2.171875
1.394531
0.507812
0.027344
0.019531
0.066406
0.019531
2.441406
2.117188
1.781250
0.003906
-0.078125
0.015625
0.003906
1.964844
1.410156
-0.046875
-0.031250
-0.007812
0.433594
0.000000
0.058594
2.800781
2.273438
-0.007812
1.820312
1.085938
0.660156
2.554688
0.023438
0.675781
-0.046875
2.582031
2.156250
1.636719
0.000000
3.535156
0.042969
2.640625
3.101562
2.964844
1.855469
0.015625
0.070312
4.371094
-0.054688
0.035156
0.050781
3.812500
1.273438
0.003906
-0.015625
2.851562
0.167969
1.460938
3.074219
0.023438
0.027344
1.617188
0.046875
1.804688
2.332031
-0.031250
0.054688
1.863281
-0.011719
2.265625
-0.050781
-0.027344
0.121094
-0.003906
2.953125
3.136719
2.050781
1.667969
2.503906
0.066406
2.125000
-0.023438
2.675781
0.050781
2.199219
2.437500
2.695312
0.640625
1.429688
0.003906
0.035156
-0.039062
0.042969
0.000000
0.003906
1.878906
-0.023438
3.289062
1.589844
3.367188
-0.007812
2.488281
2.066406
2.175781
2.718750
3.230469
3.128906
-0.042969
0.000000
2.652344
-0.050781
1.500000
0.000000
-0.046875
0.000000
0.148438
0.023438
2.109375
2.621094
-0.015625
3.210938
1.738281
3.261719
1.656250
0.035156
-0.003906
-0.019531
0.031250
-0.019531
2.488281
2.664062
3.144531
2.136719
-0.070312
2.460938
0.000000
0.031250
1.941406
-0.042969
0.003906
0.265625
0.046875
2.214844
2.246094
0.019531
0.089844
-0.050781
1.531250
0.011719
1.863281
0.003906
0.019531
2.996094
0.003906
-0.027344
2.242188
1.175781
3.164062
0.000000
0.074219
0.003906
1.570312
0.046875
2.296875
0.000000
2.726562
2.820312
0.015625
2.023438
2.132812
1.699219
-0.027344
2.882812
2.019531
1.824219
1.695312
0.066406
0.035156
2.156250
0.023438
0.058594
2.750000
2.808594
0.035156
-0.011719
2.371094
2.277344
4.324219
1.363281
0.019531
3.089844
2.539062
2.835938
0.011719
-0.007812
4.082031
2.253906
0.003906
2.398438
1.757812
-0.003906
3.722656
1.773438
2.156250
0.035156
2.167969
0.023438
0.023438
0.007812
0.101562
1.535156
1.875000
2.566406
1.230469
2.179688
1.476562
1.816406
2.472656
2.457031
1.566406
0.039062
-0.031250
2.882812
1.921875
0.015625
2.535156
3.585938
2.050781
0.070312
0.035156
1.746094
1.882812
0.101562
2.425781
0.054688
1.859375
2.597656
2.320312
-0.039062
0.058594
0.019531
0.000000
1.902344
3.527344
1.894531
0.003906
0.039062
0.074219
0.019531
1.488281
1.671875
3.488281
-0.007812
2.699219
1.714844
0.000000
2.601562
0.042969
-0.054688
2.765625
2.367188
-0.066406
-0.062500
-0.003906
0.472656
0.000000
-0.003906
0.089844
0.007812
1.679688
0.003906
1.867188
0.031250
-0.003906
1.847656
0.039062
-0.035156
2.308594
1.585938
2.531250
2.000000
2.648438
-0.031250
1.042969
0.054688
0.109375
2.773438
3.140625
3.710938
-0.019531
1.742188
-0.003906
1.332031
1.960938
2.296875
2.515625
-0.027344
0.042969
0.003906
1.953125
1.695312
0.015625
1.933594
0.007812
0.039062
